0,0
1,1
2,2
3,3
4,4
5,5
6,6
7,7
8,8
9,9
10,10
11,11
12,12
13,13
14,14
15,15
16,16
17,17
18,18
19,19
20,20
21,21
22,22
23,23
24,24
25,25
26,26
27,27
28,28
29,29
30,30
31,31
32,32
33,33
34,34
35,35
36,36
37,37
38,38
39,39
40,40
41,41
42,42
43,43
44,44
45,45
46,46
47,47
48,48
49,49
50,50
51,51
52,52
53,53
54,54
55,55
56,56
57,57
58,58
59,59
60,60
61,61
62,62
63,63
64,64
65,65
66,66
67,67
68,68
69,69
70,70
71,71
72,72
73,73
74,74
75,75
76,76
77,77
78,78
79,79
80,80
81,81
82,82
83,83
84,84
85,85
86,86
87,87
88,88
89,89
90,90
91,91
92,92
93,93
94,94
95,95
96,96
97,97
98,98
99,99
100,100
101,101
102,102
103,103
104,104
105,105
106,106
107,107
108,108
109,109
110,110
111,111
112,112
113,113
114,114
115,115
116,116
117,117
118,118
119,119
120,120
121,121
122,122
123,123
124,124
125,125
126,126
127,127
128,128
129,129
130,130
131,131
132,132
133,133
134,134
135,135
136,136
137,137
138,138
139,139
140,140
141,141
142,142
143,143
144,144
145,145
146,146
147,147
148,148
149,149
150,150
151,151
152,152
153,153
154,154
155,155
156,156
157,157
158,158
159,159
160,160
161,161
162,162
163,163
164,164
165,165
166,166
167,167
168,168
169,169
170,170
171,171
172,172
173,173
174,174
175,175
176,176
177,177
178,178
179,179
180,180
181,181
182,182
183,183
184,184
185,185
186,186
187,187
188,188
189,189
190,190
191,191
192,192
193,193
194,194
195,195
196,196
197,197
198,198
199,199
200,200
201,201
202,202
203,203
204,204
205,205
206,206
207,207
208,208
209,209
210,210
211,211
212,212
213,213
214,214
215,215
216,216
217,217
218,218
219,219
220,220
221,221
222,222
223,223
224,224
225,225
226,226
227,227
228,228
229,229
230,230
231,231
232,232
233,233
234,234
235,235
236,236
237,237
238,238
239,239
240,240
241,241
242,242
243,243
244,244
245,245
246,246
247,247
248,248
249,249
250,250
251,251
252,252
253,253
254,254
255,255
256,256
257,257
258,258
259,259
260,260
261,261
262,262
263,263
264,264
265,265
266,266
267,267
268,268
269,269
270,270
271,271
272,272
273,273
274,274
275,275
276,276
277,277
278,278
279,279
280,280
281,281
282,282
283,283
284,284
285,285
286,286
287,287
288,288
289,289
290,290
291,291
292,292
293,293
294,294
295,295
296,296
297,297
298,298
299,299
300,300
301,301
302,302
303,303
304,304
305,305
306,306
307,307
308,308
309,309
310,310
311,311
312,312
313,313
314,314
315,315
316,316
317,317
318,318
319,319
320,320
321,321
322,322
323,323
324,324
325,325
326,326
327,327
328,328
329,329
330,330
331,331
332,332
333,333
334,334
335,335
336,336
337,337
338,338
339,339
340,340
341,341
342,342
343,343
344,344
345,345
346,346
347,347
348,348
349,349
350,350
351,351
352,352
353,353
354,354
355,355
356,356
357,357
358,358
359,359
360,360
361,361
362,362
363,363
364,364
365,365
366,366
367,367
368,368
369,369
370,370
371,371
372,372
373,373
374,374
375,375
376,376
377,377
378,378
379,379
380,380
381,381
382,382
383,383
384,384
385,385
386,386
387,387
388,388
389,389
390,390
391,391
392,392
393,393
394,394
395,395
396,396
397,397
398,398
399,399
400,400
401,401
402,402
403,403
404,404
405,405
406,406
407,407
408,408
409,409
410,410
411,411
412,412
413,413
414,414
415,415
416,416
417,417
418,418
419,419
420,420
421,421
422,422
423,423
424,424
425,425
426,426
427,427
428,428
429,429
430,430
431,431
432,432
433,433
434,434
435,435
436,436
437,437
438,438
439,439
440,440
441,441
442,442
443,443
444,444
445,445
446,446
447,447
448,448
449,449
450,450
451,451
452,452
453,453
454,454
455,455
456,456
457,457
458,458
459,459
460,460
461,461
462,462
463,463
464,464
465,465
466,466
467,467
468,468
469,469
470,470
471,471
472,472
473,473
474,474
475,475
476,476
477,477
478,478
479,479
480,480
481,481
482,482
483,483
484,484
485,485
486,486
487,487
488,488
489,489
490,490
491,491
492,492
493,493
494,494
495,495
496,496
497,497
498,498
499,499
500,500
501,501
502,502
503,503
504,504
505,505
506,506
507,507
508,508
509,509
510,510
511,511
512,512
513,513
514,514
515,515
516,516
517,517
518,518
519,519
520,520
521,521
522,522
523,523
524,524
525,525
526,526
527,527
528,528
529,529
530,530
531,531
532,532
533,533
534,534
535,535
536,536
537,537
538,538
539,539
540,540
541,541
542,542
543,543
544,544
545,545
546,546
547,547
548,548
549,549
550,550
551,551
552,552
553,553
554,554
555,555
556,556
557,557
558,558
559,559
560,560
561,561
562,562
563,563
564,564
565,565
566,566
567,567
568,568
569,569
570,570
571,571
572,572
573,573
574,574
575,575
576,576
577,577
578,578
579,579
580,580
581,581
582,582
583,583
584,584
585,585
586,586
587,587
588,588
589,589
590,590
591,591
592,592
593,593
594,594
595,595
596,596
597,597
598,598
599,599
600,600
601,601
602,602
603,603
604,604
605,605
606,606
607,607
608,608
609,609
610,610
611,611
612,612
613,613
614,614
615,615
616,616
617,617
618,618
619,619
620,620
621,621
622,622
623,623
624,624
625,625
626,626
627,627
628,628
629,629
630,630
631,631
632,632
633,633
634,634
635,635
636,636
637,637
638,638
639,639
640,640
641,641
642,642
643,643
644,644
645,645
646,646
647,647
648,648
649,649
650,650
651,651
652,652
653,653
654,654
655,655
656,656
657,657
658,658
659,659
660,660
661,661
662,662
663,663
664,664
665,665
666,666
667,667
668,668
669,669
670,670
671,671
672,672
673,673
674,674
675,675
676,676
677,677
678,678
679,679
680,680
681,681
682,682
683,683
684,684
685,685
686,686
687,687
688,688
689,689
690,690
691,691
692,692
693,693
694,694
695,695
696,696
697,697
698,698
699,699
700,700
701,701
702,702
703,703
704,704
705,705
706,706
707,707
708,708
709,709
710,710
711,711
712,712
713,713
714,714
715,715
716,716
717,717
718,718
719,719
720,720
721,721
722,722
723,723
724,724
725,725
726,726
727,727
728,728
729,729
730,730
731,731
732,732
733,733
734,734
735,735
736,736
737,737
738,738
739,739
740,740
741,741
742,742
743,743
744,744
745,745
746,746
747,747
748,748
749,749
750,750
751,751
752,752
753,753
754,754
755,755
756,756
757,757
758,758
759,759
760,760
761,761
762,762
763,763
764,764
765,765
766,766
767,767
768,768
769,769
770,770
771,771
772,772
773,773
774,774
775,775
776,776
777,777
778,778
779,779
780,780
781,781
782,782
783,783
784,784
785,785
786,786
787,787
788,788
789,789
790,790
791,791
792,792
793,793
794,794
795,795
796,796
797,797
798,798
799,799
800,800
801,801
802,802
803,803
804,804
805,805
806,806
807,807
808,808
809,809
810,810
811,811
812,812
813,813
814,814
815,815
816,816
817,817
818,818
819,819
820,820
821,821
822,822
823,823
824,824
825,825
826,826
827,827
828,828
829,829
830,830
831,831
832,832
833,833
834,834
835,835
836,836
837,837
838,838
839,839
840,840
841,841
842,842
843,843
844,844
845,845
846,846
847,847
848,848
849,849
850,850
851,851
852,852
853,853
854,854
855,855
856,856
857,857
858,858
859,859
860,860
861,861
862,862
863,863
864,864
865,865
866,866
867,867
868,868
869,869
870,870
871,871
872,872
873,873
874,874
875,875
876,876
877,877
878,878
879,879
880,880
881,881
882,882
883,883
884,884
885,885
886,886
887,887
888,888
889,889
890,890
891,891
892,892
893,893
894,894
895,895
896,896
897,897
898,898
899,899
900,900
901,901
902,902
903,903
904,904
905,905
906,906
907,907
908,908
909,909
910,910
911,911
912,912
913,913
914,914
915,915
916,916
917,917
918,918
919,919
920,920
921,921
922,922
923,923
924,924
925,925
926,926
927,927
928,928
929,929
930,930
931,931
932,932
933,933
934,934
935,935
936,936
937,937
938,938
939,939
940,940
941,941
942,942
943,943
944,944
945,945
946,946
947,947
948,948
949,949
950,950
951,951
952,952
953,953
954,954
955,955
956,956
957,957
958,958
959,959
960,960
961,961
962,962
963,963
964,964
965,965
966,966
967,967
968,968
969,969
970,970
971,971
972,972
973,973
974,974
975,975
976,976
977,977
978,978
979,979
980,980
981,981
982,982
983,983
984,984
985,985
986,986
987,987
988,988
989,989
990,990
991,991
992,992
993,993
994,994
995,995
996,996
997,997
998,998
999,999
1000,1000
1001,1001
1002,1002
1003,1003
1004,1004
1005,1005
1006,1006
1007,1007
1008,1008
1009,1009
1010,1010
1011,1011
1012,1012
1013,1013
1014,1014
1015,1015
1016,1016
1017,1017
1018,1018
1019,1019
1020,1020
1021,1021
1022,1022
1023,1023

0;261,0.000783,90,0.854021,73,7.218664,14,7.756008,11,9.150371
1;1013,13.153779,225,16.841043
2;188,75.560532,7,82.564102
3;787,45.865013,485,49.986087,112,50.358363,62,51.971503,47,52.559880,40,52.940466
4;827,53.276724,186,56.635771,167,57.146423
5;103,4.704462,12,6.280871,8,7.284082,4,11.449222
6;266,67.886472,234,69.943238
7;809,93.469290,274,98.829687,49,99.726429
8;705,3.457211,34,4.325006,5,11.864628
9;371,5.346164,169,7.505422,120,11.951899
10;214,52.970019,187,62.630264
11;57,67.114938,36,68.635075
12;612,0.769819,169,1.532224
13;767,38.341565,365,38.370131,156,40.739412,99,45.522394,75,46.079223,45,46.143772,19,47.655362
14;495,6.684224,437,7.845245
15;1006,41.748597,33,42.379878,8,42.417150,23,42.894361
16;311,58.897664,278,65.475686,131,66.485742
17;311,93.043649,278,95.071528,131,96.520286
18;376,84.616689,80,87.274727,10,93.995344
19;62,52.692878,47,55.805947,40,56.107804,20,60.779798
20;728,9.196489,258,11.208222,497,12.634765,211,13.625581,268,17.006735
21;125,65.391896,50,66.062186,17,73.153086
22;190,41.599936,141,44.727531
23;456,70.119059,206,70.192204
24;90,76.219804,73,80.249590,14,84.660287,11,85.438368
25;119,4.746451,40,12.512335
26;651,73.608188,62,73.928352,47,75.476045,40,78.676877,522,82.315933,112,82.544908
27;113,32.823423,10,34.310264,8,34.413382,4,36.861168
28;245,63.263857,124,72.069076
29;622,75.641049,527,77.868180,66,78.259453,131,78.933688,75,80.516421,19,80.805551,45,80.857099,4,81.011949
30;617,36.533867,447,38.903793,171,40.542254,105,46.442385
31;457,24.703889,324,26.474984,137,26.571981,158,28.835240
32;878,98.255029,623,98.586310
33;142,65.151857,52,65.814296,37,74.911838
34;70,7.268588,14,12.427161
35;1004,63.163472,749,63.457140,735,66.713289
36;219,27.270997,28,27.563517
37;1000,43.641141,64,43.755632,24,44.105545,9,44.383763,69,45.172343,598,49.309345
38;801,47.773177,783,48.308108,625,51.388827,256,51.566971,186,51.908438,167,52.056334,99,52.389175,32,52.681804,4,53.190670,75,54.784526,19,55.529669,45,55.661358,8,57.220573,12,57.535110
39;630,23.777443,311,23.895592,278,25.795272
40;228,27.490684,99,27.526691,75,31.173366,8,31.542195,19,32.176322,45,34.822769
41;848,35.926498,825,36.048320,129,37.770221,84,38.699149,34,40.100806
42;356,16.650720,275,17.598851,61,18.044645,140,18.178142,39,19.430061,27,19.435235,6,22.354369,3,22.663014
43;615,89.765629,590,90.570100,426,90.755948,87,97.175721,26,97.548773
44;36,90.920810,2,95.245247
45;725,6.056433,236,10.620335
46;924,90.465309,920,91.541436,745,92.382673,165,93.120398,633,97.980953
47;698,50.452289,476,53.092458
48;897,51.629196,289,54.973035,214,55.952105,187,56.308256,91,60.751841
49;478,49.397668,402,50.449291,353,51.531429,348,52.154512,193,52.889581,124,53.716753,154,54.231915
50;1023,26.614451,15,29.329700,11,33.812172
51;198,9.073289,3,14.260125
52;805,7.374908,123,9.462887,36,11.167544,2,11.469209
53;657,38.414215,222,38.902503,67,39.874073,9,43.088916
54;950,27.708180,171,28.763311,53,29.527845
55;41,52.974739,37,56.247315,14,58.302179,17,58.842972,11,60.572129
56;54,46.444582,49,50.877419,0,52.232386
57;498,94.097995,141,94.196715,327,94.473409,190,95.567391
58;159,5.008398,68,8.283866,45,13.699611
59;358,76.151426,113,77.271547,10,77.850997,4,79.065817
60;333,77.020455,253,77.455141,78,79.433486,65,83.931886,31,85.746752,20,86.077154
61;775,82.781730,340,86.133867,198,86.961149
62;241,1.586770,223,10.570929
63;549,68.845530,188,72.164504,7,72.517151,3,74.752014
64;258,62.954342,211,65.241375
65;810,72.541200,471,75.703433,4,81.736763
66;815,88.857221,398,89.757983,136,91.896008,14,92.389621,11,92.585298,52,93.921503,37,94.412201,17,96.754988
67;376,23.319488,10,25.236359,8,25.688891,80,27.166896,4,31.589006
68;374,30.632183,184,33.971443,175,34.649666
69;60,51.327370,47,51.540400,40,51.953566,20,58.202963
70;504,59.111358,313,61.922995,179,62.471462,212,63.159203
71;474,41.208077,257,47.671959
72;211,84.151064,197,86.934072
73;232,26.931727,142,28.278176
74;320,41.539462,131,42.629520
75;193,46.791737,154,50.476317,124,52.398824
76;517,28.721237,315,32.271473
77;605,17.832770,431,21.162202,78,22.501299,65,24.292453
78;492,15.371998,180,24.324597,77,24.428267
79;869,57.165481,818,57.764209,361,62.153503,309,62.611211,135,62.695941
80;21,3.305375,19,10.932603
81;509,53.444984,333,55.867948,78,56.571164,253,57.149884,65,60.524398
82;283,49.848012,89,50.132380
83;905,95.536076,146,95.561476
84;80,74.829265,10,75.125239,4,76.362892
85;390,55.458385,270,55.854950,72,55.917444,37,56.068749,17,56.719821,14,56.847780,11,58.880955,22,59.315373,10,64.837766
86;340,89.073748,198,92.851997
87;783,84.203961,625,87.210828
88;604,15.976752,82,16.447695,37,17.434602,14,20.511366,17,24.722331
89;713,21.275151,358,21.501116,113,24.577095,10,26.493530,8,29.976628
90;299,13.042726,140,15.688107,39,18.565243,61,19.065791,27,19.826707
91;686,9.099034,414,10.709664,6,11.859024,3,14.407891
92;768,27.458815,51,27.561275,660,27.570251,72,27.667424,115,28.372563,12,28.569627,706,28.625160,441,28.639407,45,28.651949,14,28.796510,11,28.847519,308,28.867496,8,29.020240,116,29.115645,137,29.297748,144,29.438337,671,29.534798,4,29.636071,580,29.653478,29,30.014835,17,30.101342,196,30.159974,217,30.281316,32,30.821548,63,31.632064,715,31.786664,73,32.002332,236,32.217622,75,32.277310,15,32.439298,37,32.753471,22,33.730152,725,34.539951,50,37.127059
93;521,0.299960,492,2.476936,180,3.235563,77,5.001299,73,7.590958
94;1019,2.687629,886,11.735068
95;94,70.981959,21,80.968041
96;471,93.789730,4,98.334297
97;559,23.991080,238,24.608376,219,25.838764,28,26.748229,9,29.430236,8,31.487961
98;67,18.089591,9,18.155620,8,21.085872
99;421,65.205869,371,65.367289,169,65.899321,120,68.017646
100;597,15.033506,7,20.843386,3,21.300295
101;195,68.134621,74,70.251704,19,72.680887,12,72.954791,8,75.014626
102;80,38.581470,10,38.629729,4,43.457889,8,46.928088
103;568,38.772534,496,39.364170
104;233,49.974103,98,52.622801
105;499,14.753300,291,14.758953,213,17.981335
106;967,84.557566,303,85.169962
107;518,59.010861,86,59.016547,82,59.261552,41,60.176649,323,62.258358,14,62.377193,138,62.721713,11,62.850196,52,63.277241,22,63.475070
108;510,95.540883,355,95.710831
109;887,55.614614,398,60.759411,52,61.072454
110;418,14.815156,35,14.901653,22,16.737576
111;862,98.330510,743,99.710326
112;749,40.876669,735,42.728993,393,44.228179
113;146,14.181977,101,17.683071,38,18.247032
114;167,56.489868,99,60.058650,32,60.469316,75,60.689805,19,60.800536,4,61.104142,45,61.284302,12,64.897845,21,65.529412
115;517,25.212641,315,26.326525
116;182,48.851455,149,49.727529
117;381,46.403053,180,46.570549,77,49.377015
118;328,12.603081,59,14.716579,16,20.349892
119;485,31.924967,62,32.906908,112,35.897766,47,39.451271,40,39.632730
120;731,62.926916,344,62.945439,215,63.557420,302,63.968982,296,65.342901,130,67.559130,118,68.344516,35,69.390325
121;704,12.671216,209,17.845358,150,18.949158,113,19.516941,10,21.561534,4,22.190062,8,22.266803
122;145,65.125374,99,65.504126,75,66.327629,19,66.633335,32,66.656872,12,71.055359,21,73.980535,45,75.103236
123;49,62.163403,0,62.428547
124;881,24.784176,386,26.376641,8,26.704080,63,27.445649,317,27.702623,4,27.782788,45,28.355307,32,28.465181,21,29.857284,19,29.933191,12,30.361280,51,31.497222
125;838,38.931417,317,41.322547,51,44.475730,45,46.401465
126;326,20.325033,45,25.657203,4,25.786702,178,26.229475
127;925,2.837518,835,5.280012
128;412,90.167350,105,98.255625
129;402,42.649741,348,43.001234,353,43.108378,154,44.218935,124,44.391906,193,52.492358
130;109,14.202103,86,14.251193,22,14.278558,14,14.491697,11,14.540915,37,14.575439,17,15.638074,41,17.054417
131;857,41.031304,730,43.246757,606,45.845493,601,46.002967,180,47.526300,243,49.644768
132;725,13.118853,236,13.224230,434,13.783042,72,14.466792,22,17.887668,138,18.368880,86,18.713640,37,18.914422,14,19.302973,52,20.213769,41,21.024059,17,21.787013,11,23.007476
133;95,88.564837,36,90.616464
134;939,9.217363,296,9.898884,130,14.655915
135;181,16.219855,13,23.073762,8,24.533003
136;202,7.106357,167,8.556477,99,10.541556,75,11.958229,32,12.011264,21,12.172589,45,12.178202,19,12.548040,4,12.732084,58,14.057321,8,14.115208,12,16.324875
137;464,36.533903,375,37.945974,236,40.212209
138;465,78.315317,102,82.041052,40,82.873663,20,84.838715
139;525,45.530728,416,51.057741,319,54.975348,84,55.385156
140;211,34.952414,197,40.280918
141;900,45.230017,453,46.713076,647,46.971393,18,49.145300
142;163,80.894459,158,80.999356,137,81.203531,4,87.437800
143;339,93.167440,305,94.018917,224,94.858997
144;404,65.164606,256,71.628299,167,72.351684,186,73.217587
145;513,21.524838,395,22.762341,116,23.169911,11,24.636094,15,25.501918
146;49,90.892189,0,93.805985
147;86,25.012559,37,26.059565,22,28.117236,41,29.359240,14,29.913213,11,33.069975
148;301,47.126233,207,53.915835
149;678,60.039374,187,61.751692
150;168,81.756148,152,82.302115,99,83.415032,75,88.644755,32,89.933693,4,90.157819,12,91.032868
151;518,75.584353,82,76.174110,138,76.621754,52,76.764709,323,76.829511,86,79.170544,41,79.287383,22,80.040389,72,85.519474
152;462,95.136745,346,97.243355
153;638,82.469739,99,82.843755,207,82.917580,75,84.660618,4,85.957583,115,86.008866,145,89.240148
154;119,68.898091,40,69.608730
155;140,70.220665,61,74.982047,39,75.704811,27,75.784551
156;512,95.441490,166,95.794067,136,96.734718,14,96.862813,11,98.128129
157;712,28.931620,32,28.955258,19,29.390267,326,29.668084,115,30.064267,706,30.723823,45,30.740838,14,31.368108,11,31.746463,21,31.906277,638,32.727532,74,33.099901,527,33.558461,131,33.624516,99,33.813278,580,34.279544,145,34.407950,68,34.626478,671,35.115136,137,35.378845,116,35.542216,8,35.615320,58,36.499550,217,37.898062,73,38.661459
158;188,51.443467,7,53.813604,3,53.837673
159;611,10.343393,61,10.398433,140,11.427555,39,12.170146,275,13.637958,356,14.999902,27,15.715313,6,20.206353
160;385,41.402848,128,42.463235,19,42.852419
161;663,87.656572,464,95.498947
162;270,44.003866,72,44.917325,22,46.425439,17,49.302666
163;134,72.974768,31,76.068574,20,77.436770
164;867,86.926374,386,91.207651,4,91.388627,45,91.410007,32,91.646602,19,92.720398,147,93.752364,317,94.035722,8,94.050985
165;367,71.564233,233,75.358588
166;989,80.072033,366,81.676881,27,82.955768
167;275,70.653547,61,76.797371
168;118,74.171590,35,74.582220
169;139,1.909240,52,2.143538
170;566,46.332273,52,51.074148,37,52.363955,17,52.414252,14,53.041739
171;217,48.894316,45,56.106644,4,56.402474
172;332,66.767907,219,68.372752,28,69.218732,9,76.644192
173;931,68.204912,55,68.958841
174;952,19.955475,930,22.057733,600,25.787909,241,26.483528,315,27.135173,223,27.961877,413,29.583198
175;548,91.663390,493,92.582578
176;324,86.588267,158,87.650139
177;456,89.001868,206,90.344261
178;531,13.919500,475,19.375145
179;872,21.553198,208,22.154459
180;184,44.602343,175,50.939995,13,51.775123,8,51.887125
181;850,31.573241,94,31.728885,182,31.883876,32,32.564998,4,32.699521,19,32.749235,527,32.851764,755,32.896597,12,33.470531,58,33.712713,660,34.535373,21,34.644895,725,34.685203,638,35.013595,145,35.102514,149,35.199946,75,35.284679,74,36.031286,8,36.359750,72,36.410319,236,36.866161,131,37.132084,45,37.282449,144,37.986867,22,38.501473,99,38.621375,63,38.955132,569,38.985899,790,39.170070,386,40.250810,434,40.336692,697,41.105205,768,41.141005,17,41.227130,671,41.260623,659,41.358778
182;84,46.753178,34,48.616436
183;815,80.664992,398,81.391899,136,83.147556,14,85.015427,11,86.916503
184;855,36.515806,601,38.301432,243,38.430354,180,40.078169,77,42.377428,73,44.469391
185;234,21.151896,139,23.562591,52,26.097812
186;781,63.048827,236,65.255906,37,65.829328,72,65.977311,22,66.158819,17,66.514844,14,69.262844
187;316,61.635037,307,62.604957,255,65.896883
188;626,0.059504,487,0.452290,166,3.804053,136,3.815453,86,4.635289,22,4.667518,37,6.288126,14,7.028828,11,8.976360
189;934,0.087900,494,9.921954
190;736,72.733499,352,73.817549
191;530,31.917759,218,32.989541,140,34.764823,61,36.901104,39,36.959408,27,37.383718
192;394,41.772372,26,43.091861
193;660,68.249423,72,71.923905,22,71.980458,17,73.594356
194;991,68.056198,545,73.968563,160,74.001962,155,74.776441,54,77.185782
195;966,20.526188,389,20.553264,308,24.494508,196,25.747513
196;686,70.892061,414,71.195484,6,78.176488
197;956,9.454880,12,9.704471,145,9.883364,473,9.976123,4,10.205070,122,10.419707,99,10.579454,32,10.962768,75,11.105745,8,11.306134,156,11.431315,21,11.825216,19,11.882887,45,12.504835,659,13.666168,765,13.759959,63,14.127161,9,14.402810,152,15.823411,208,16.310365,115,18.907825
198;563,8.173761,165,13.299776,119,13.553198,40,14.393125,20,14.639753
199;663,62.957184,464,65.512873
200;737,21.385218,49,27.319596,0,27.598488
201;433,8.106080,179,14.550108
202;111,38.882324,63,42.738115
203;244,94.754506,114,95.778265
204;976,38.985359,392,41.085319,370,48.937610
205;930,26.921474,600,32.444245,475,32.744200,223,33.349311,315,34.131869,413,35.391712,241,36.428970
206;103,69.216898,12,69.343914
207;658,28.403504,503,30.652719
208;966,78.386520,389,78.503839
209;989,42.245982,366,43.560761,27,45.000040
210;765,28.215589,58,36.671761
211;322,19.182384,189,28.842687
212;547,24.405425,517,33.451966,315,33.639306
213;182,13.645494,149,16.180688,63,18.814924,45,19.999066,4,20.317299
214;780,39.814369,522,41.691723,112,41.777535
215;422,60.101011,396,60.653853
216;866,17.688037,288,24.433967
217;954,82.835472,415,82.844569,210,82.848019,96,83.153683
218;996,15.773118,481,17.967954,420,22.608661
219;853,10.163738,99,10.196247,75,10.666043,45,10.866288,58,11.350027,8,11.626206,19,12.700036,4,14.102402
220;986,21.941065,749,25.315539,735,25.372383,191,26.961491
221;337,63.471744,120,64.090175,113,68.553272,10,69.822077,4,71.275293
222;712,69.600730,12,69.606750,115,69.614732,638,69.769074,706,69.774107,99,70.044055,74,70.062755,32,70.101091,19,70.114610,145,70.151933,75,70.299487,8,70.334922,14,70.479055,207,70.607301,137,70.797751,671,71.056989,45,71.306394,4,71.608271,11,72.289838,68,72.379148,80,73.104587,21,73.914701,116,75.355081,217,77.678212,63,78.508961
223;945,79.476981,940,80.234815,164,81.633051
224;171,75.294041,105,77.456790
225;288,63.342991,233,64.762908,98,66.792306,82,69.013104
226;156,5.644066,99,6.889053,152,8.509379,75,8.940322,58,9.336640,8,9.449466
227;753,59.821664,530,60.623226
228;217,22.700772,45,23.389631,4,24.560183,63,28.029519
229;370,31.877788,155,32.180642,54,32.825555
230;590,69.983444,157,70.160490,87,74.991493
231;207,11.743694,127,12.214770
232;458,52.612328,232,53.761439,142,54.985924,52,55.334498
233;13,55.391135,8,55.459070
234;564,32.966639,445,38.247248,203,42.070212,135,42.632262
235;122,81.326571,8,83.183688,4,87.517088
236;491,55.683578,162,56.603356,121,58.656272
237;288,73.899661,233,77.499663,98,79.008104
238;561,13.533222,331,22.034312,10,23.420294
239;527,52.854827,131,53.170876,58,58.977339,8,59.249522
240;77,31.073887,73,34.792965,14,37.087042,11,37.908459
241;1009,58.811912,802,60.976620,235,64.207166,216,64.385003
242;425,51.808359,340,55.031688,198,60.534162
243;823,43.084779,220,52.648451
244;821,25.884276,190,34.589489,141,35.745735
245;930,37.022628,600,39.296363,223,40.018106,241,40.502792,413,41.603998,315,42.170075,475,43.287582
246;924,39.301760,920,44.572497
247;922,44.686594,748,47.904884
248;7,47.589622,3,51.909815
249;562,38.783122,311,40.271491,278,46.815734,131,46.968126
250;960,27.929305,795,35.798970
251;602,7.826321,406,9.265218
252;556,36.974201,275,40.201851,61,40.447157
253;309,25.392228,135,25.736819,83,26.028356,57,26.396310,36,26.737317,2,27.183578
254;83,67.178415,2,68.120526,57,68.876402,36,69.129708
255;125,67.623692,50,77.001334
256;747,51.393637,374,56.327225,184,57.627442
257;928,72.860836,619,73.762113,592,75.723383,253,77.975600
258;970,72.076782,833,73.337868
259;540,46.069734,488,49.922294,77,50.733190,73,52.025345
260;351,46.043417,57,46.320073,36,47.127357
261;428,51.714532,219,53.081081,28,53.571338,238,55.323364,9,55.867993
262;470,66.135550,122,66.405683,8,72.669097
263;223,98.650267,191,99.266566
264;527,54.171017,75,54.756799,4,54.783432,19,55.476008,45,55.702769,131,56.004342,58,60.603633
265;816,52.280771,426,55.563487,157,61.744710
266;747,82.923871,374,86.093607,184,86.521087
267;907,27.420973,529,29.132276,483,33.440803,199,33.902330
268;988,64.297889,753,65.100374,530,66.737104,218,70.702043
269;385,54.613660,128,55.315581,19,56.824900
270;339,91.784772,305,93.987993,224,94.500727
271;404,26.661332,256,27.472248,167,28.209162,186,29.320366,99,32.537804,32,33.705276,19,35.570339,4,35.692264,21,36.071445
272;333,97.008667,253,98.004423
273;153,24.673315,27,26.822889
274;445,69.402367,203,70.724303,135,76.862812
275;248,75.171009,52,75.589522,37,76.334028,14,76.996430,17,77.204176,11,78.536970
276;296,69.567915,130,73.525525,118,76.415304,35,76.946879
277;585,27.951174,122,30.364802,8,33.196873
278;895,17.117893,156,17.683494,4,17.795354,697,17.843183,712,17.858753,850,17.952608,68,17.964620,790,17.971047,99,17.973305,12,17.989229,272,18.010802,75,18.159889,32,18.174464,58,18.247087,19,18.333694,638,18.357019,11,18.357641,94,18.370549,500,18.393255,21,18.479894,145,18.513091,74,18.530761,755,18.555104,768,18.700976,207,18.751061,63,18.865211,152,18.952007,115,18.993871,706,18.999554,8,19.017803,569,19.208937,527,19.221507,671,19.311554,45,19.340568,116,19.368920,715,19.414277,441,19.443646,217,19.649007,515,19.833389,250,19.936095,236,20.003113,15,20.134598,580,20.415511,326,20.548205,182,20.874480,660,21.111173,29,21.125242,659,21.164210,17,21.214386,37,21.220921,725,21.234661,144,21.345433,131,21.408828,607,21.706627,72,21.807184,434,22.284089,149,22.462090,138,23.946014,50,24.032788,52,24.148428,127,24.927141,308,25.044545,196,25.107354
279;447,49.569108,171,49.736200,105,50.553332
280;235,16.308106,216,16.540375,44,18.349233,27,18.639775,6,20.091494,3,20.400158
281;654,90.330118,112,90.337895,62,90.596925,522,90.690500,47,90.772199,40,90.857037
282;828,78.299201,664,80.208656,146,81.769452,101,87.517374,38,88.116306
283;625,74.667915,256,76.216529,186,76.710258,167,76.726356,99,78.912782,32,81.523304,12,81.842636,4,82.068101,19,82.340816,21,82.776441,8,83.006384,75,83.923804
284;661,43.642568,276,43.858221,24,45.627960,9,46.121498,8,47.263631,4,53.244650
285;948,0.634169,414,2.065202
286;664,51.847842,146,57.591739,101,57.610982,38,59.132126,22,61.331745
287;299,6.684977,140,11.723701,39,14.122898,27,16.047095
288;695,38.973141,350,40.403304,226,40.781931,120,48.548582
289;963,21.582589,481,26.786769,420,27.096798
290;138,38.576943,37,40.071447,52,40.285659,72,40.718272,14,41.573816,17,42.148003,86,43.084565,11,43.169787,41,48.090556
291;622,62.686137,66,63.523189,527,65.264245,131,65.291878,75,68.711691,19,69.364294,4,69.822903
292;572,65.905333,315,66.669705
293;415,70.931985,210,76.006767,96,79.631964
294;302,53.866129,130,54.411164,215,55.224235,118,58.129640,35,59.322358
295;662,81.593217,132,81.874877
296;654,37.190969,112,39.555121,522,41.438128,62,43.892510,485,45.752927
297;874,68.610163,652,73.627741,460,74.834539
298;248,31.016894,52,34.288577,37,35.210771,17,37.191185,14,37.837787
299;290,0.934752,289,3.782727
300;22,10.379728,17,10.424676,14,11.723627
301;43,52.096007,17,57.441537
302;665,77.588033,350,79.216774,226,83.850837
303;570,5.527879,35,8.973440,22,13.326336
304;862,7.063487,743,12.772603
305;104,16.027392,15,17.795607,11,19.019716
306;306,47.780432,186,49.338848
307;605,44.648958,431,45.871466,78,51.449587,65,52.659008
308;142,15.031153,52,15.245459
309;380,83.368213,277,86.068480,72,86.451542,22,88.670975,17,89.256005
310;716,69.563740,225,71.601893
311;136,57.777600,14,58.175633,11,64.532225
312;735,68.116447,393,69.394838,191,69.805304
313;978,33.117496,556,33.743124,275,33.903414,61,34.300983
314;264,5.747527,239,5.882179,46,7.664392
315;543,54.239315,471,56.366018,4,57.419135
316;327,0.165742,5,2.273951,190,6.372327
317;325,85.619262,245,86.436473,124,87.810008
318;189,2.935548,173,6.142767,111,6.990952,63,10.699702
319;744,37.755040,714,37.799798,154,38.468279,348,39.579996,124,39.587236,596,40.277823,193,40.560710,15,40.771642,11,41.029839,10,45.562406
320;424,57.617296,77,61.796030,73,62.532298,14,66.943285
321;416,67.933220,319,68.409825,84,72.924113
322;198,53.626677,3,53.749797
323;774,12.250689,322,12.372632,189,12.979299,734,15.018284,173,16.482265,362,18.048425,111,20.504507
324;60,97.335564,47,99.530499,40,99.744764,20,99.863217
325;1015,18.827580,369,19.134954,106,23.036165,36,25.020089,2,27.355142
326;479,35.131874,234,36.019573,139,43.904829
327;856,61.412552,311,68.051265
328;276,60.761147,24,62.438952
329;119,12.593282,40,22.236651
330;811,35.692498,730,42.920662,606,43.688659,601,43.940323,180,45.031340
331;626,83.810164,487,84.109388,166,84.514186,136,88.508346,14,91.472774,11,92.495378
332;401,97.425234,16,98.237176
333;799,25.901419,467,29.986142,221,31.975655
334;195,81.304801,74,81.378313,12,81.421912,8,82.125308,19,86.491827
335;722,89.791424,601,90.165418,243,91.141898,180,92.808429,77,92.895080,73,93.741951
336;316,24.458622,307,30.623137
337;626,76.061729,487,76.829184,166,78.309785,136,78.483310,14,82.545049,11,82.978053,109,84.809369,37,85.946197
338;861,69.485642,233,69.793857,288,70.788518,98,75.603135
339;1004,26.362025,749,28.360162,191,29.722600,735,31.959796
340;585,66.550346,122,71.786984,8,72.662696
341;591,11.367567,450,13.234371,128,20.267400
342;713,54.697484,358,57.104204,113,57.211971,10,58.206904,4,58.946133
343;85,0.607937,60,0.635407,47,8.375461
344;83,17.597426,2,17.848889,57,23.435240,36,25.442628
345;659,59.935931,149,60.666971,12,61.704362,63,63.040186,8,63.806321,45,64.429637,32,65.915876,19,66.024021,21,66.568823
346;760,43.190828,199,44.756814
347;201,8.250654,85,8.814280,60,16.850247,47,16.883678,40,17.471760
348;421,68.741449,371,68.798459,169,69.311301,120,74.293957,113,77.100199
349;196,83.620656,51,86.047536
350;392,12.363737,370,18.757870,155,19.562659
351;448,2.963529,334,11.834235,90,12.703620
352;610,8.035308,336,9.756493,68,10.931594,45,15.541245,4,16.519067
353;407,49.424463,355,50.499103
354;576,93.403047,525,97.353374
355;135,25.015527,83,25.286860,2,26.165951,57,26.805264,36,34.267783
356;688,35.965783,206,38.564912,137,40.575159
357;485,76.911406,112,78.806939
358;594,49.995533,318,54.264372,108,56.577251
359;91,67.190347,55,70.118708
360;611,68.166578,61,69.435906,275,70.321312,356,73.117047
361;138,75.677018,86,76.427583,37,76.495903,14,76.647128,22,77.288929,41,77.340410,17,77.749888,11,78.054991,52,79.837092
362;283,3.636762,89,5.288660,9,5.978096
363;390,23.057188,270,24.346647,72,29.325232
364;187,22.166732,91,25.505193
365;492,65.262192,180,72.474337,403,73.013926,77,74.553819,73,74.972392
366;403,61.661043,77,63.342086,73,63.445732,14,65.478940,11,67.419887
367;169,23.369150,120,23.773411
368;196,65.301160,51,65.915815
369;16,16.592754,6,19.155098,3,21.908381
370;326,74.410423,45,75.439338,4,75.514281,207,77.888036,127,80.231765,32,82.497765,19,83.426296
371;963,15.975770,481,16.190928,420,16.990328
372;783,4.763860,625,14.324759
373;559,66.199351,238,66.376686,219,68.588952,28,68.697210
374;42,12.494491,38,13.032878,22,15.199269
375;997,48.418046,395,48.874585,15,49.461708,116,49.499197,11,50.030714,10,50.511159,4,51.486845,8,53.239429
376;478,62.104564,348,62.220091,402,65.011572,154,65.031222,124,65.073585,353,65.917957,193,65.940116,15,66.596173
377;359,91.402499,300,92.021087,39,92.261231
378;1000,1.794452,598,2.469920,9,2.701878,64,3.137902,69,3.202156,8,4.974265,276,5.806357
379;194,59.354566,57,59.514775
380;503,49.658200,306,55.469555,186,56.343184
381;10,5.369439,8,8.309655
382;387,44.163260,35,44.887917,130,46.448046,118,46.787364,296,48.397289
383;316,51.917486,307,52.682509,255,56.795336
384;425,77.194415,340,77.279989
385;931,44.279034,55,49.075199
386;567,44.592987,64,44.776017,9,45.866300,24,51.070668,8,52.942418
387;827,17.137934,186,21.213375
388;832,37.251977,216,38.072662,822,38.378071,3,38.402703,44,38.543901,198,39.144529,76,39.513988,16,40.472749,6,40.584332
389;512,93.972540,166,94.916254,136,97.923628,14,99.150745,11,99.606195
390;60,96.485125,47,96.780407,40,97.308901
391;280,25.495748,35,33.729889
392;412,7.033521,105,11.890390
393;722,12.384877,601,15.749695,180,17.253150,77,17.636057,73,17.971455,14,19.184506,243,20.241260,11,20.673112
394;829,52.633784,302,53.578499,130,54.366713,118,58.102337
395;781,16.008316,236,16.481880,72,23.435040,37,23.854470,22,25.383073
396;488,51.770722,77,52.359264,73,55.948260
397;691,84.157604,143,84.600803,533,85.099822,83,85.115815,2,85.677985,57,86.046087,121,87.688364,106,87.964563,151,88.135131,123,93.278884
398;401,36.856214,16,39.340882
399;1005,32.722756,774,35.026745,734,37.198257,322,37.545234,189,38.219342,362,39.842196,173,41.297115
400;793,71.354654,52,74.843721
401;657,57.677586,222,57.690134,67,59.970829,9,62.310142
402;1020,83.659783,452,84.285277
403;873,69.979110,441,77.608658,116,77.955563
404;846,60.560255,816,64.840952,426,66.436973,157,68.616161,87,69.655133
405;440,36.208363,171,40.170354
406;928,53.950467,619,55.507830,592,58.490995
407;614,45.507239,218,48.671901,140,54.832494,39,55.455782
408;633,40.169218,165,41.853216,119,42.399793,40,47.067470,20,47.985258
409;1008,24.044048,943,24.103894,62,24.246953
410;160,8.308571,155,9.908407,54,11.829033
411;470,42.157865,122,42.592431,8,42.644364
412;579,47.237995,241,47.783285,223,47.938959
413;688,28.976646,206,29.557724,137,29.857325,4,29.978791,29,32.521169
414;596,10.496914,193,11.389273,553,12.167164,124,12.460069,154,14.925749,15,15.036381,348,15.596741,11,18.124846
415;368,21.638615,232,23.072133,142,23.870639,52,24.200801
416;661,66.882035,276,67.635277,24,72.327653,9,76.316724
417;517,86.364275,315,86.847331
418;92,24.375032,26,26.338403,13,27.826974,8,32.076897
419;134,71.156445,31,77.745693,20,77.937166
420;1022,26.366293,874,27.208061,652,30.851283
421;597,38.282150,7,39.383637,3,41.006059
422;105,8.100552,26,11.516807,13,14.057801
423;949,45.976277,497,48.313193,258,49.822388,268,49.902627,211,50.263706
424;767,23.286698,365,25.020573
425;409,79.535261,149,84.422856,63,85.015529,45,85.148085,4,87.000107,32,87.565939,21,88.126910,12,88.198262
426;112,49.134308,62,50.889977,47,52.407850,40,53.000949
427;135,26.611916,83,28.733942,57,30.331974,2,35.933791
428;929,66.468883,434,71.871647,138,74.381520,52,74.810449,37,74.912635,17,75.146677
429;276,42.519110,24,43.147087,9,44.226147
430;803,96.347558,720,96.458329
431;649,13.403914,142,13.733611,323,15.284177,37,15.361303,398,15.383507,52,15.497949,14,15.555728,17,15.643727,11,15.873987,22,17.717496
432;942,94.604457,941,96.070208,920,97.384133
433;300,60.600130,140,61.215600,39,61.890058,27,62.543532,61,66.817051
434;304,29.246800,271,29.485563,53,29.553721,26,31.919011,13,35.232816,8,39.094438
435;271,50.965823,53,59.062991,26,59.191142
436;803,82.583652,720,83.049787,554,83.603119,470,83.837406,122,85.436697,8,87.664860
437;286,83.433846,141,87.121472
438;150,72.644312,113,77.627489,10,79.584990
439;481,32.943429,420,36.310575
440;12,80.208436,8,83.010788
441;718,4.534072,410,11.854959
442;653,4.142044,468,4.909506,20,11.133551,40,13.282879
443;584,15.331511,213,20.234037
444;649,76.706502,323,77.099355,37,77.540397,86,77.557129,14,77.899566,11,77.988359,398,78.158438,17,78.288470,41,80.843916
445;57,6.173138,2,6.567424,36,9.102143
446;300,51.930322,140,55.338850,39,55.445783,27,55.987603,61,57.275455
447;118,92.914979,35,94.783111
448;294,22.051553,173,23.389007
449;200,70.646127,34,71.383450,5,73.277666
450;341,71.157127,250,73.093587
451;730,37.836620,606,43.248359,243,43.764651,601,45.842735
452;437,20.064453,64,24.654121,24,25.831901
453;45,3.424310,4,6.306263,32,13.422380
454;6,52.377174,3,61.625790
455;873,75.317377,441,76.390667,116,77.515170
456;490,59.158820,55,60.381120
457;488,82.289103,77,91.678192,73,91.935505
458;951,32.957887,561,34.122839
459;949,23.207809,497,23.910515,268,26.072264,258,27.864519,211,28.096581,197,33.161006
460;945,53.652827,940,54.181867,164,58.901475
461;809,43.061841,274,51.687448
462;451,40.358109,403,43.681946,77,47.502448,73,47.692364
463;782,98.732474,329,98.937843
464;646,96.690965,172,97.201143
465;385,86.751423,128,91.263956,19,91.833746
466;150,31.160519,113,32.182814,10,32.299007,4,32.703691,8,33.504668
467;659,14.839041,63,15.246296,45,16.124939,4,16.615762,12,17.651017,217,19.401588,386,19.726973,635,20.411122,8,23.011915,51,24.361570,317,24.730637
468;388,63.952330,248,64.089723,52,68.220142,37,72.262717
469;398,46.807473,52,47.572720,37,54.346103,17,56.557503
470;580,69.077262,10,69.391168,12,69.856586,137,71.262579,75,72.925726,45,74.380986,32,74.974596,19,75.930082,8,76.351198,21,77.761600
471;605,81.540677,431,87.290695
472;134,57.280652,31,59.176859,20,59.690364
473;666,15.921612,255,16.325287
474;798,94.525027,116,94.764682,513,94.854371,395,98.992065
475;749,15.541388,735,18.267060,393,20.324449,191,22.618460
476;97,4.107477,20,13.677769
477;652,34.361338,460,36.625395
478;539,11.001943,172,12.614948
479;493,9.653827,229,10.570453,103,14.793174,12,17.136012,4,17.563449,8,18.320018
480;1002,51.877327,541,54.220940
481;822,2.240504,6,2.256672,3,4.546711
482;286,56.148372,141,57.470603
483;235,51.690811,216,54.175130,44,55.471431,6,56.643019
484;113,2.279955,10,4.587853,4,4.891041,8,7.552340
485;609,19.198376,314,24.266978
486;741,67.099101,402,68.234626,478,69.535429,348,69.700460,353,69.886145
487;601,34.587174,180,35.673248,77,36.676523,73,37.973026,243,38.228699
488;308,6.629028,196,9.216682,51,9.265321,32,12.078170,4,12.386708,19,13.473860,21,14.539856,12,15.607666
489;348,14.071048,154,21.862828,15,21.976678,11,22.121016,124,22.580089
490;277,58.601579,72,59.332674,17,60.228799,22,61.130503,14,61.351465,11,65.533816
491;175,69.112646,13,71.991462,8,72.577236
492;801,76.234389,783,79.184035,625,81.447636
493;391,7.732432,16,8.269537,6,9.877268,3,13.842558
494;439,58.980934,93,68.159583
495;259,92.550305,7,93.938212,3,94.414361
496;543,43.044600,471,45.077135
497;789,83.125598,19,90.370438
498;643,60.163764,243,60.349832
499;894,72.383646,243,73.018924
500;1015,16.141942,369,16.557053,106,17.992705,36,18.856317,2,19.403448
501;308,97.611557,196,97.973412
502;951,57.436028,561,65.385194
503;857,53.142730,730,60.102358,606,61.404134,243,61.660388
504;1012,69.855816,177,70.642433,50,70.984741,22,71.857431,125,72.941039
505;49,66.704929,0,69.709482
506;110,54.873628,73,55.588151,14,62.561736,11,64.067923
507;200,49.512534,34,57.478786,5,57.648106
508;263,57.158261,229,65.907595
509;929,58.888804,434,61.825397,138,62.718026,52,62.780503,86,63.054654,14,63.166915,37,63.201241,22,63.576229,72,65.552522,41,65.689099,11,66.061403
510;384,50.227473,7,52.419205,3,52.423146
511;157,73.136382,87,77.559801
512;733,3.165655,122,5.916727,8,8.254178
513;846,5.161671,816,8.045150,426,10.829470,157,12.017446,53,12.354373
514;725,3.505951,434,4.740870,138,8.560552,86,10.203513,37,10.259972,22,10.746665,14,11.575845,52,11.579597,17,11.585893,236,12.340283
515;99,24.514233,75,24.531866,45,24.634939,8,25.221148,4,25.386121,32,25.907317,19,26.168686,58,32.902825,12,33.878854
516;843,38.296851,132,41.416028,96,45.591223
517;219,59.716851,28,60.045070,9,69.219842
518;353,61.111056,193,62.379842,124,63.169698,154,64.171932,348,64.977978,15,65.250976,11,65.455550,10,66.537443,4,67.391930
519;487,77.203029,166,80.821930,22,80.864231,136,86.552070
520;228,51.314849,99,57.561694,32,58.463494,4,58.567297,19,59.123496,12,59.979262,75,60.174073,45,60.650789
521;838,48.668115,317,48.795848,45,49.032698,51,49.778081
522;659,69.699575,149,70.960505,12,71.931542,63,73.509443,45,74.013366,32,77.925147,217,78.227411,21,78.343461,19,78.798762
523;554,40.753774,470,41.071218,122,42.108390
524;485,48.684951,112,48.879448
525;661,47.978286,276,48.123322,24,49.974950,9,51.853167
526;213,71.045006,22,74.475415
527;144,53.419865,72,54.018267,22,54.630691,17,56.154459,14,58.122001,11,59.014314,10,62.963431
528;984,27.664696,788,28.183802,489,33.840453,191,35.374540
529;180,60.553817,77,60.607727,73,61.446194,14,61.686440,11,62.314412,10,65.598983,4,66.907184
530;576,28.010373,525,28.524784,416,28.579660,319,30.839890,5,35.105410
531;328,53.048957,59,54.029878,16,60.204799
532;725,93.825403,434,95.531903,236,95.593939
533;987,23.540272,642,25.431810
534;696,41.349423,174,42.177648
535;583,59.747623,361,60.576616,309,61.187011,135,63.449023
536;68,78.300234,45,83.698963,32,84.663989,4,84.761592,19,85.128171,12,87.667127
537;735,14.368415,393,17.173605
538;902,89.952112,348,91.101836,714,94.543701,553,98.175010
539;339,25.142212,305,25.529495,224,34.974382
540;515,65.151454,250,66.821121
541;23,0.481561,8,1.728546
542;44,93.593594,27,94.935121
543;220,27.535305,168,28.843509,152,32.609052
544;428,95.243094,219,96.434921,28,96.535391
545;325,12.294975,124,15.603378,15,15.966672,245,16.533679,11,19.106083
546;321,41.647543,187,45.640469
547;382,43.649121,0,44.825883,48,47.951755
548;217,76.617480,32,78.917330,4,79.002691,21,79.444632,19,79.627190,12,82.120687,8,82.311453
549;219,9.986561,28,14.797026
550;418,44.126522,35,51.174972
551;906,34.457649,33,35.853432,23,37.363375,8,37.664972,4,39.307850
552;992,29.706418,701,33.438307,642,35.323919
553;144,75.762114,72,77.436449,22,79.325940,17,84.485265
554;540,33.850959,488,41.046565,77,42.210072,73,43.474964
555;913,5.560619,94,7.328647,21,15.228411
556;134,57.318292,31,62.116937,20,63.264138
557;359,20.248197,39,20.579854,27,20.765690,140,20.821262,300,23.619367,61,28.750762
558;327,11.447458,5,11.799281,190,15.686761,141,15.834047
559;547,97.434787,517,97.710153
560;723,86.460950,673,87.071129,331,90.988929
561;987,49.184074,642,53.391918
562;451,36.739483,403,37.397733,77,45.391811
563;137,80.491237,4,81.292259
564;135,16.220382,83,16.907319,2,17.179979,36,20.782811
565;600,15.957980,241,16.559851,223,16.628331,413,17.458614,315,17.821440,475,19.892969
566;774,5.772293,189,5.990910,111,6.235884,322,6.522453,173,7.728961,45,7.884853,362,8.182892,734,10.653071,32,10.807276,63,10.975592,19,11.504564
567;789,14.925139,19,15.100446
568;142,46.810142,52,48.285023,37,51.290699,14,51.614211,11,56.595380,10,56.785934
569;471,38.060830,4,40.562118
570;670,88.370465,517,89.865944,315,90.125505
571;890,42.413353,530,43.579946,218,47.292129
572;820,41.224795,350,47.671553
573;707,65.129460,114,65.293010
574;816,30.832749,426,30.904475,157,32.739023
575;10,6.014247,8,7.933183
576;522,91.949195,62,92.910259,47,93.097060,112,98.218002,40,99.872015
577;936,90.121795,125,92.522861,50,93.086198,17,96.187943
578;576,77.004646,525,78.225488
579;396,17.079624,168,20.821277
580;350,57.244192,226,64.308518
581;1016,3.140378,117,5.714930,40,8.297202,20,11.936474
582;1014,80.326782,57,82.487221
583;832,52.221465,198,52.642872,216,52.855217,3,52.923635,822,53.266899,44,53.996551,76,55.459233,16,57.328285
584;200,86.162178,34,88.876261,5,90.226308
585;598,27.719816,276,29.154163
586;240,86.949407,140,87.819342,39,90.033747,27,90.601176,61,93.872761
587;102,58.686197,20,62.166002,40,62.691393
588;900,38.917189,647,39.391762,453,42.988152
589;140,81.189538,39,81.933660,27,82.334066,61,82.731470
590;270,52.567025,72,52.981307,22,54.133387
591;237,42.003807,177,43.809625,22,45.289686,50,51.134532
592;930,57.986251,600,61.727301,315,62.092431,223,62.134036,241,63.163717,475,64.485371,191,66.099398,413,67.116284
593;32,74.914505,19,75.293033,4,77.273355,12,77.805527,8,81.224617
594;87,33.808470,26,43.059866
595;581,18.954859,122,21.484083,8,23.622486
596;554,71.891945,470,76.819498,122,77.816908
597;665,87.916183,350,90.067377,226,90.649409
598;665,8.985310,350,14.147244
599;102,16.102914,40,17.332627,20,18.648250,49,21.387963,0,22.750819
600;188,41.679636,7,45.052329,3,46.845806
601;160,67.469284,155,68.512449,54,75.094123
602;517,56.261159,315,58.048264
603;827,81.304684,186,82.573612
604;635,76.936010,12,78.436978,8,78.863755
605;122,89.652397,8,91.347284
606;863,87.841295,569,88.302119,111,88.325613,4,88.725638,580,89.373386,10,89.953158,19,90.134500,137,91.147478,75,91.724337,45,91.903718,850,91.941467,755,92.337394,768,92.361190,441,92.440902,706,92.992668,726,93.128827,99,93.136045,712,93.238546,116,93.308396,94,93.634133,148,93.648017,21,93.659183,14,93.745948,32,93.788929,638,93.995147,236,94.034981,12,94.095513,660,94.330401,527,94.812875,725,94.920521,51,94.935355,671,94.949535,72,94.976036,715,95.418832,434,95.652238,127,95.828649,107,96.032828,103,96.719767,68,97.224212,607,97.230213,37,97.779542
607;970,48.647070,833,49.022454
608;901,11.307059,802,11.413385,235,16.665040,44,16.887153,27,18.634838,216,19.210067
609;474,37.748454,257,37.961134
610;784,38.261960,305,38.320081,750,38.358606,224,42.399746,82,47.002189
611;313,68.757790,212,69.291308,179,70.194098
612;43,12.173956,17,14.536144,14,15.004517
613;464,7.682176,375,7.952180,236,8.563919
614;930,47.764078,600,53.029357,223,53.302598,315,53.385763,413,53.388711,475,55.367802
615;858,23.801934,746,32.849383
616;387,39.096661,35,39.538496,296,42.076536,118,42.218920,130,43.511758
617;138,97.588081,52,98.390975,86,98.577780,37,99.446694,22,99.597425,72,99.767561
618;128,62.876666,19,67.368795
619;794,68.119883,310,70.141683
620;792,90.869057,706,91.607638,10,91.790485,12,92.012540,4,92.538301,14,93.379397,11,93.477000,580,95.798144,137,96.038322
621;841,36.240014,245,36.797144
622;772,85.921308,506,85.954223,274,91.967561,49,92.362917
623;546,79.427791,388,80.531343,248,82.773288
624;961,7.351096,496,13.126333
625;697,49.863056,659,50.615686,569,51.056533,63,51.397818,149,52.047681,32,52.270658,12,52.353302,4,52.376202,19,52.676243,21,53.709473,45,56.969433,8,57.240358,671,59.675558,217,59.802353
626;493,48.387283,229,57.560666
627;725,49.965733,660,51.978969,434,54.251843,138,54.752400,86,55.034278,41,55.314530,37,55.448574,14,55.927249,52,56.394592,11,56.897330,17,57.331628,236,57.732936,22,58.357856
628;609,74.075878,314,78.418395
629;429,93.284347,388,96.187499
630;605,30.012175,431,31.428747,78,33.063617,65,33.609675,31,39.559807
631;201,14.619563,85,16.960460,60,19.982133,47,23.740946
632;733,11.001846,122,11.852567
633;86,8.032204,41,8.803659,37,9.644355,17,10.040058,14,11.201497,22,16.074863
634;363,23.841037,339,26.453593,305,31.388577,224,32.189736
635;219,83.347403,28,86.083021,9,90.054023
636;520,19.807994,351,22.126753,57,26.714426
637;874,12.948154,652,14.753854,460,19.429732
638;930,57.567920,600,59.194880,413,60.429855,241,60.452752,315,61.141130,223,61.909902
639;263,44.026808,229,45.949634
640;751,58.567459,69,60.082908,9,61.588595,24,62.329263,8,65.839947
641;244,36.820267,114,41.839867
642;188,38.231690,7,38.965956,3,40.586855
643;767,42.947277,156,43.689772,365,45.622112,152,49.783066,99,50.049363,75,50.493686,45,50.849248,4,52.652694
644;356,14.878742,39,17.478983,275,18.676578,27,19.637989,140,21.487336,61,21.901354
645;530,67.019667,218,67.529941
646;805,69.806644,123,70.186577,36,70.468367
647;124,40.273989,15,40.634118,11,46.949269
648;901,84.927825,44,87.295268,802,90.862290,27,93.464587
649;615,79.338218,590,81.533821,157,81.754815,87,87.408264
650;935,37.424940,375,40.045362,236,41.873019,72,43.835301,22,44.532844
651;374,0.960789,184,9.704436
652;880,64.649520,710,69.416472,408,69.608310,231,69.822538,214,70.961692,187,71.793918
653;255,64.489790,238,66.358612,219,67.476189,28,70.770968
654;341,79.903477,250,81.362045
655;940,37.736405,164,43.916417
656;649,35.767177,398,36.111744,37,36.614629,14,36.825541,323,37.262757,136,37.683270,11,37.816004,86,38.244095,41,39.199612,52,39.606903,17,41.384330,109,43.096671
657;635,38.950046,12,42.167827,8,42.914266,4,44.253728
658;432,33.430675,251,42.057282
659;319,69.358868,84,69.601525
660;717,14.489745,103,19.371327,12,20.588146,4,22.369244
661;47,66.685633,40,67.148472,20,72.918138
662;133,85.436513,110,85.672203,73,86.494704
663;582,60.224940,545,60.255929,160,62.701006,155,62.727009,54,69.341269
664;529,38.195493,483,39.928964,199,42.460299
665;232,51.653147,142,52.029265,52,52.104406,37,55.197097,14,55.962920,17,57.495076
666;205,34.445553,80,35.837566,10,36.633770,4,37.971034,8,39.147554
667;714,26.413346,154,27.394225,348,27.737641,124,28.622307
668;243,29.099980,180,31.981052,77,34.787406,73,35.002626,14,36.348204,11,38.404316
669;106,12.439071,36,13.800226,2,15.053890
670;660,63.461943,72,63.861991,22,65.685590
671;511,37.681656,441,40.198972,116,40.563146,11,41.458162
672;830,15.587290,752,22.366045
673;784,75.585565,305,76.229272,750,76.665400,224,78.664602
674;997,1.153061,395,4.820350,513,7.190830
675;961,56.091442,496,58.090193,401,62.984126,16,63.273568
676;707,28.865446,164,29.081841,114,29.245602
677;37,41.556022,14,43.344628,17,44.807382,11,45.048732
678;835,32.061133,513,36.452497,395,37.951332,15,37.974799,116,38.668429,17,39.139934
679;207,51.459030,45,51.855625,4,53.663952,32,58.599884,19,58.649327
680;469,71.915524,437,77.522173,64,78.397015
681;62,23.189534,47,25.714197,40,26.338347,20,26.587197
682;396,46.500704,168,51.384110,152,53.410036
683;327,37.335932,5,37.609249,141,39.000687
684;302,5.004307,130,6.591311,215,8.093699
685;786,83.152392,574,83.805266
686;430,42.255248,128,47.519963,19,48.710792
687;889,29.304345,276,29.405082,661,31.569636,24,34.143124,9,35.965176,8,36.066522
688;553,35.752568,353,39.038320
689;64,93.411016,9,93.573541,24,96.472235
690;929,58.941923,434,64.397820,138,68.151493,86,68.685013,52,68.931852
691;255,36.904046,238,40.652557,219,42.031148,28,44.878442
692;377,94.445206,314,95.306519
693;604,5.048164,82,8.097371,37,9.135573,14,9.267312,11,9.286585,17,13.820547
694;890,44.485012,530,45.905423,218,47.973689,140,49.617340,39,54.300455
695;339,59.592719,305,61.891900,224,63.785777
696;603,74.831107,488,75.625347,77,76.856025,73,81.110501
697;508,13.102306,347,19.050586,308,19.536312,196,21.857274
698;17,10.457936,14,11.899962
699;149,66.530811,63,69.767512,45,72.419945,4,74.453114,32,75.459044,19,76.247409
700;277,83.337784,72,85.909353,22,87.098472,17,88.874382
701;152,65.859356,99,70.491234,32,72.085543,4,72.519371,19,72.693854,75,74.211249,12,75.636918
702;730,98.203242,606,99.699933,601,99.894022
703;548,1.891602,493,3.345617,229,4.521776,103,9.185933,12,9.501529
704;167,92.147288,99,92.291917,75,93.129453,45,93.925787,32,94.105247,4,95.302304,12,95.703837
705;557,19.467887,106,21.525449,36,25.155951,2,25.530940
706;976,52.307246,392,52.831960,370,55.254414
707;84,27.879573,34,28.211753,5,33.343380
708;683,71.979476,422,72.866451,396,73.139801,168,74.091743,152,74.826231
709;323,59.045856,86,68.508900
710;935,65.988757,236,68.953067,72,69.848213,375,70.718544,22,73.568977
711;780,73.044821,522,73.953607,62,77.612485,112,79.530645,47,80.027707,485,80.737212
712;596,64.302669,348,64.498688,553,66.895726,124,67.362440,353,68.233395,193,70.303438
713;544,34.952906,514,35.296808,461,35.989130,130,38.567796,118,41.734383,35,42.131301
714;429,53.487619,388,54.743809,248,58.610310,52,59.248607
715;760,66.414729,199,66.559728
716;557,32.342888,106,33.092159,36,34.367512,2,39.248256
717;803,91.796732,554,93.232091,470,95.340136,720,95.945346,122,97.006398,8,99.176160
718;681,27.666756,667,27.877854,60,29.765937,47,37.055045
719;723,95.175327,673,96.863889,331,97.914013,10,99.397574
720;518,11.723782,323,12.262596,82,12.376278,138,12.601379,86,13.157584,22,14.529485,14,16.587460,52,17.081879,72,17.142953,41,17.649259
721;822,41.600740,76,45.933858,3,47.293941,16,48.177495
722;597,96.253543,7,99.137818,93,99.607364
723;997,52.618171,513,59.354632,395,61.932365
724;165,53.595633,119,56.798420
725;831,81.810733,298,91.069537
726;330,66.289303,265,74.979473
727;381,24.322850,180,26.113570,77,26.525804,73,28.180914,14,28.768868,11,29.698073
728;886,59.672315,608,66.646231
729;507,12.603362,96,13.888523,66,14.246115,58,17.146831,8,21.500530
730;727,24.697369,59,25.614216
731;775,16.295805,340,24.923176
732;166,83.599705,136,83.887200,109,85.113744,14,85.213016,37,85.301054,11,85.845008
733;313,60.240514,179,61.177631,212,63.798559
734;288,62.324262,233,67.243201,98,68.637431,82,70.015889
735;374,83.867862,184,87.988218,175,90.951615,13,91.958538
736;709,39.155538,656,43.628349,599,44.684047
737;255,87.128383,238,88.825904,219,89.021354,28,90.368901,9,90.475261
738;180,11.560659,77,11.712419,73,14.249774
739;894,0.004023,243,0.653743,601,0.884082,730,3.299737
740;316,45.454717,307,48.232226,255,54.196431
741;999,57.434594,345,57.993449
742;641,3.226938,219,5.547848
743;1018,35.139258,993,44.249223
744;1016,85.508246,117,85.718178,40,86.075901
745;390,37.083724,270,38.606891
746;811,66.142538,730,66.835115,606,75.634236,601,76.021618
747;874,57.643006,652,62.028750,460,66.690631
748;315,5.995981,241,7.511209,223,13.360892
749;202,74.446835,167,74.859077,99,76.824741,75,78.920450,32,79.989471,19,80.040188,45,80.441263,4,80.729167,21,81.291835,12,82.792590
750;680,27.949322,216,29.127674,449,29.544207,6,30.984685,3,31.578471
751;364,44.262369,316,47.983079,307,50.513871,255,53.057595
752;477,9.180087,95,10.317412,36,10.395437,83,11.014434,2,11.424045,57,11.817163
753;583,99.241948,361,99.258846,309,99.486436
754;331,59.415916,10,60.979191,4,62.702788
755;440,3.300357,171,10.961501
756;216,69.093159,44,70.552355,6,78.908415
757;658,48.721184,503,49.453509,306,52.913985,186,53.953414,167,57.040861
758;432,56.933990,251,62.367411
759;74,89.572407,12,89.779489,8,92.340912,19,94.462195
760;708,20.315831,661,24.181643,276,24.458639,24,28.887003,9,29.625740
761;621,48.172026,42,52.003453,38,54.683758,22,54.757237
762;774,27.244286,189,28.009878,734,29.675468,362,32.147487,322,34.667956
763;1012,24.430019,177,25.530646,50,26.528681,22,28.784630,125,29.808235
764;119,95.326215,40,95.439179
765;295,47.695169,221,48.979007
766;961,12.708761,496,17.645231
767;492,96.143614,180,97.262404
768;289,85.715579,214,87.847698,187,89.956787
769;442,21.740983,234,21.816534,139,23.021119,266,23.407856,52,27.093970
770;706,0.700794,14,0.900764,12,0.947086,671,1.008246,11,1.683521,4,2.854919,32,3.406529,217,6.384366,8,7.388307,116,8.284792,73,8.567373,63,8.937856
771;917,5.039329,264,11.942043
772;960,96.005482,795,97.534175
773;332,13.709342,219,14.021895,28,21.462545
774;487,12.904294,166,20.494570,22,20.588424,86,21.989066,41,22.366845,136,22.475953,109,22.631707,37,22.674129
775;863,65.588773,182,65.716403,149,65.736349,792,65.800908,75,65.951582,147,66.031711,10,66.195917,32,66.205330,127,66.259165,19,66.352368,4,66.421398,569,67.023769,12,67.548097,480,67.801368,580,68.163081,515,68.314721,45,68.813666,74,69.251255,99,71.554695,850,71.722889,755,71.876672,660,72.112579,638,72.443800,94,72.531142,111,73.059678,768,73.509596,250,73.545035,14,73.758563,441,73.938489,21,74.215222,715,74.436516,51,74.546426,11,75.171784
776;830,50.505899,752,51.312078
777;227,52.645436,164,53.075050
778;715,11.839728,109,12.152672,17,12.939510,15,13.100808,14,13.526664,86,13.987359,37,14.792108,441,14.906079,22,15.680503,41,17.875325
779;696,66.890448,174,67.773726
780;1021,27.758593,469,28.178009
781;62,38.670741,47,41.202619,40,45.334005
782;1017,39.149349,916,41.438149
783;481,83.109675,420,84.314004
784;479,24.300134,234,26.338711,139,27.540980,52,30.123220
785;98,12.344430,82,13.337148
786;116,64.807528,11,65.862287,15,70.514131
787;649,20.121668,398,20.311258,37,20.320660,17,20.803622,52,20.930621,14,21.222760,11,22.783003,323,24.304130,136,24.948418,109,25.655160,86,26.609847,41,27.969701,142,28.274596
788;325,84.869534,124,86.623540,245,87.054165,15,87.705465,11,87.787888
789;231,2.255641,214,4.075533,187,9.953383
790;694,10.556244,114,10.566381,49,11.946742,0,14.113178
791;269,18.797888,69,20.481438,24,20.681000,9,21.059329,8,23.526589
792;600,36.096743,413,37.019146,241,37.047262,475,38.028792,315,43.455683
793;113,66.636407,10,67.582978,4,71.087574
794;90,35.117256,73,35.854102,14,36.506990,11,37.195796,10,42.814238,4,42.849008
795;28,22.369675,9,30.276420
796;695,67.135151,350,67.606603,226,67.641719
797;733,88.651034,122,89.681800,8,90.670353
798;21,57.936228,19,57.941625
799;509,34.184788,333,34.759967,253,35.766426,78,36.690991,65,37.392135,31,39.302790,20,41.870422
800;126,43.724041,105,44.066250
801;725,69.963910,434,70.176673,236,70.924217,138,71.836154,52,71.929623,86,72.747128,14,72.903155,22,73.112992,660,76.874293,41,78.257377
802;801,83.428286,783,85.362285,625,85.514704,256,90.091500,186,90.936388
803;596,79.198245,348,87.546874
804;236,84.906778,72,87.505567,17,88.055688,22,91.807069
805;320,28.221959,131,30.407401,58,35.084219,8,35.698575
806;963,26.466175,481,31.590430,420,33.918710
807;538,16.996094,449,17.337113,216,18.338825,6,18.680097,44,21.161843,27,21.343460,3,23.356550
808;356,7.318372,275,8.470453,61,8.501514,39,8.930927,140,9.079085,27,14.819360,6,14.896148,3,16.499525
809;261,75.017089,90,77.311075,73,78.274520,14,80.727978,11,83.239984
810;991,12.222078,545,17.095994,160,21.084166
811;744,16.459958,714,22.871595,154,23.086643,15,23.654601,348,24.295118,553,24.915963,596,25.207397,124,25.341265
812;558,77.320245,238,78.454803,219,79.155845,28,80.159332,255,80.421074
813;1010,43.392831,339,45.505669,305,45.844972,224,46.505758
814;483,3.307725,199,6.234941,105,6.534336,26,7.590373,171,9.434511,13,13.008539
815;925,92.932148,835,93.090755
816;722,10.604309,601,11.960106,180,12.287128,77,12.804555,243,12.974817,73,13.390940,14,16.472155,11,17.117101
817;50,26.628679,17,26.641187,14,28.665290,11,29.657767
818;92,48.204872,26,51.820869
819;157,79.278024,87,81.524229
820;488,25.752448,77,29.295263,73,30.509125,14,33.864099,403,34.968600
821;440,21.391578,171,26.384952
822;861,28.246449,233,29.519202,288,30.942484,98,34.347315
823;1014,38.062760,95,42.325244,36,42.520652,2,43.215942
824;587,20.812331,267,21.179345,235,27.015355,216,27.377985,6,29.066772,44,29.138487
825;673,76.406358,331,76.422746,10,82.947718
826;678,35.633414,187,36.875466
827;374,90.784780,184,91.293574
828;305,19.790052,224,19.922237,82,20.649901,37,20.714861,17,21.943879,14,23.498423,11,27.654892
829;657,11.410669,222,16.326858
830;611,79.114049,61,79.290921,275,83.665610
831;184,69.816257,175,71.990856,13,77.790804,8,78.974329
832;270,1.825120,72,5.040221,17,10.714511
833;201,74.796897,85,75.431339,60,75.896518,47,80.769129
834;643,11.452936,243,11.529377,180,14.541579,77,18.632828,73,20.180584
835;863,89.496368,75,89.635511,74,89.683253,147,89.966270,12,89.990808,569,90.118357,99,90.196656,111,90.468323,19,90.695904,726,91.034569,32,91.195359,148,91.551882,45,92.449642,107,92.667248,21,93.487371,127,95.621711,207,95.693098,706,96.282859,515,96.312668,14,96.829193,580,96.922626,671,97.071191,11,97.088606,137,97.146069,250,98.500259,80,98.558145,217,98.589745
836;798,65.462878,116,65.509165,11,69.253508,15,70.224659,513,71.038113,395,73.306541,715,74.006209,441,74.315962,109,75.243606,14,75.267518
837;71,38.241299,5,43.607338
838;292,21.504916,233,22.000060,98,25.968848,82,26.586339,37,30.914744,17,31.155063
839;711,33.129159,16,33.444577,6,42.782851
840;464,1.778511,375,3.376797,236,4.230459,72,10.902023
841;684,91.436815,68,97.511973
842;14,78.546995,11,78.550761
843;731,72.998343,302,73.069252,130,73.261450,344,74.439386,215,76.541339,118,81.148395,35,81.326547
844;678,87.779673,187,89.951420
845;268,12.960930,258,17.093672,211,19.220012
846;878,36.219147,623,36.537071,530,45.432356
847;306,35.206049,186,36.138371,167,38.154183,99,39.976099,75,40.273996,8,40.736824,45,41.194919,4,41.230700,19,43.324153,58,44.845009
848;788,8.065520,489,17.780075
849;742,57.189126,665,59.171309,350,59.572854,226,61.925138
850;49,77.639342,0,77.984166
851;604,84.420142,224,89.570432
852;45,49.329549,4,50.033480,32,51.552614,19,51.985394,12,54.040438,21,54.733755,8,58.268538
853;173,81.731676,111,81.907897,63,83.452034
854;682,64.273430,25,65.147473,9,65.680280
855;234,43.537528,139,48.913412,52,51.415377,37,53.040415
856;853,34.915699,99,36.159619,75,37.331369,32,37.567341,21,37.683980,45,38.022029,19,38.346168,4,38.843523,8,39.156463
857;712,28.154454,32,28.169863,4,28.477419,19,29.120930,137,29.831620,115,30.119310,74,30.135544,45,31.054249,68,31.322118,207,31.484142,638,31.494768,99,31.777896,12,32.124751,580,32.128090,8,32.950444,127,33.117577,10,33.468593,75,33.493031,21,33.718156,145,34.484807,466,35.680395,706,36.171449,14,37.058881,671,37.243661,11,37.338284,217,37.408760
858;113,91.911859,10,94.784917
859;60,74.458009,47,74.697739,40,75.604886
860;953,15.754010,498,19.279740,190,20.542901,141,22.032587,5,22.897409
861;59,77.641768,16,79.851461
862;480,25.195526,149,26.201596,182,28.338646,63,30.876419
863;811,61.205775,730,61.295254,606,61.586508,243,63.144214,601,65.188208
864;72,85.460312,17,87.024453,22,87.456897
865;313,31.460751,179,31.494412,212,35.373161
866;185,12.592216,58,19.084681,8,19.707284
867;41,37.366177,37,39.365184,17,41.589447,14,42.932235,11,46.846788
868;660,26.186268,72,26.366311,144,31.441060,17,31.807746,22,32.319180,14,32.628938,11,32.932951
869;833,12.603099,285,15.220122
870;119,20.281731,40,20.624547,20,20.991050
871;362,75.052484,173,77.470259,111,77.828583
872;136,7.095013,14,7.330007,11,10.058004,10,10.907080,8,11.594125,86,13.447293,37,13.540941,22,14.093265,41,16.588287
873;674,23.467588,650,27.317372,482,32.911455
874;861,19.751794,233,20.433212,98,22.072667,82,22.403259,37,23.173815,14,23.976920,17,24.183322,288,25.302963,11,26.413500
875;995,15.256263,951,17.526647,561,23.879142
876;696,12.017666,174,19.927107
877;94,4.552033,21,4.989232,19,9.528491
878;669,6.026237,281,7.037711,181,8.493184,13,9.005335,8,15.706422
879;110,82.972221,73,84.476188
880;964,80.116782,504,81.304368,313,81.916215,179,82.731798,212,83.370276
881;1015,22.748850,369,22.780945,106,24.823470,36,26.942728,2,27.602739
882;389,39.921457,308,40.697517,51,41.919696,32,44.839602,4,45.498068,19,45.731819,12,45.883021,8,46.670712,196,46.948431,21,49.658343
883;504,65.520639,313,74.250565,179,75.108495
884;398,5.372680,52,7.309911
885;1020,98.636356,452,99.398674
886;350,81.230520,226,90.173994
887;771,41.357957,26,50.164588,13,50.924078
888;813,3.183840,225,4.818888
889;411,10.804870,165,11.926745,119,16.517830,40,17.802337,20,18.346698
890;954,83.436891,415,84.551101,210,88.250672,96,88.998450
891;286,71.693876,141,78.861647
892;177,58.970801,22,61.389633
893;508,22.253988,347,24.363550,308,24.694166,51,25.864713,196,28.830997,32,29.081864,21,29.094397,12,29.277431,4,30.743022,8,31.655548
894;969,22.776234,826,23.317392
895;678,0.157362,187,0.363428
896;454,44.781399,66,49.126661
897;519,40.976575,42,43.348952,443,43.639791,46,43.770187,239,44.254251,38,45.255694,22,45.316396
898;305,2.246168,224,6.268312,82,9.497822
899;582,85.951055,160,86.757999,155,86.997429,545,88.197939,54,91.922222
900;170,79.387216,94,84.352003,21,85.374466,19,85.744570
901;402,33.180365,353,33.820595,193,34.406183,348,35.785149,124,35.800508,15,37.183920,11,37.250255
902;606,62.400511,243,62.919151,601,63.084567,180,63.755797,77,64.995031,73,67.804539
903;579,65.387305,241,66.352718,223,68.155197
904;47,25.911977,40,28.613560,20,30.143179
905;663,2.600030,464,10.510653,375,11.255258,37,12.210748
906;816,98.704157,426,99.268236
907;190,20.774929,141,23.624114
908;144,64.232524,72,69.850331,22,72.483424,37,73.481499
909;429,56.032468,388,57.447005,248,58.669526,52,64.776153
910;337,37.693346,120,38.112885,113,45.333894,10,45.433590,4,45.963887
911;178,12.069073,127,19.059114
912;132,44.910678,96,45.824145,66,50.510701,58,51.438658,8,51.627084
913;997,13.771558,395,21.455613,116,21.645053
914;794,58.580012,310,64.258275,151,66.765080,123,67.185511,36,67.473100
915;522,54.260032,112,54.903345,62,55.427162,47,57.746697,40,58.298940,20,60.175375
916;960,48.360127,795,51.909387
917;619,8.159473,592,9.053024
918;355,36.259302,83,41.339130,57,41.685137,2,43.773934
919;975,10.080914,301,10.894090
920;720,84.166794,554,84.599771,470,86.794102,122,86.913354,8,89.151016
921;301,91.300220,207,91.629035,45,93.021054,4,96.143977,32,98.304699,12,98.712039,19,98.866146,21,99.166220
922;603,82.792707,488,84.299563,77,84.384585,73,85.533751,14,89.604848,11,89.813670
923;163,81.328005,158,82.733008,137,84.585934,4,87.179570
924;771,79.787230,26,87.071246,13,89.200268
925;794,44.872030,310,52.253359,151,53.754721,36,54.695351
926;763,64.209519,280,64.282858,35,64.969783
927;805,69.392609,123,71.389926,36,72.385829,2,73.000503
928;485,46.820930,62,46.914279,47,47.203918,112,47.617270,40,48.926066,20,50.284473
929;330,19.363370,265,22.180650
930;145,46.720881,99,47.900348,75,49.313019,32,49.487201,4,49.734860,45,50.245580,12,51.618384,21,53.027317
931;429,37.844455,388,41.529464,248,46.484860,52,46.941207,37,47.184985
932;670,51.759551,517,52.437721
933;534,13.699402,80,15.519812,10,16.878682,8,17.770593,4,19.248478
934;997,45.848094,395,47.553555,116,48.699078,11,49.467615,17,50.485785,10,54.519721,15,55.314396
935;790,68.913423,152,70.153266
936;723,40.927827,673,41.341715
937;407,73.993165,355,74.733586,83,77.592678,2,78.226930,57,80.302700
938;803,3.125507,554,5.619843,720,6.004159,470,12.312905
939;58,19.264671,8,21.146523
940;391,81.318944,6,81.787813
941;900,27.486867,647,28.298530
942;230,71.776097,150,81.259837
943;62,78.507302,47,79.411279,40,79.610792
944;69,72.229292,24,75.101432
945;67,57.705914,9,60.824834
946;310,63.293857,151,63.980553,123,65.366141,36,65.902866
947;854,0.027535,233,8.779505
948;838,62.779475,317,63.166890,51,63.412395,45,66.078841
949;277,34.643136,72,39.813390,37,41.012485,14,41.343595
950;340,47.185650,198,48.666118,3,50.970530
951;761,49.220739,670,49.676583,517,50.278979,315,52.319988
952;736,52.961971,570,56.129617
953;889,31.854929,661,31.932690
954;709,85.792456,656,93.672339,599,94.192277
955;862,13.800197,743,14.738921
956;749,39.914244,735,40.433876,191,41.245889
957;412,38.691298,105,42.063498
958;760,5.613476,199,6.924263,171,9.243984,105,12.076072,26,12.570021,13,14.764410
959;383,45.687901,162,45.953527,121,50.560270
960;492,76.553177,180,76.942370,77,77.048235,73,77.098171,14,85.942636
961;777,29.249491,774,30.352596,362,31.090942,173,31.624937,111,31.940686,189,32.412942,322,33.427816
962;975,34.978263,301,36.872344,207,42.074931,45,43.190590,32,43.332023,19,43.400344
963;637,19.900046,341,21.632884,250,22.999735
964;669,60.073439,281,66.372784
965;912,54.282452,3,55.378629
966;977,25.169284,377,27.970358,314,34.794130
967;129,20.161692,84,20.575156,34,20.802579,5,25.239268
968;772,57.562407,506,61.250877
969;414,51.375901,6,58.505231
970;546,60.801985,388,60.897808,248,61.456453,52,62.123160,37,69.854915
971;140,98.963518,39,99.224281
972;961,79.845033,496,80.209863
973;921,14.667145,713,17.606706,358,18.969469,113,19.692525,120,20.472851,10,22.913072,4,24.588811
974;442,10.701040,234,12.321136,266,13.466055,139,13.576781,52,15.708009
975;855,24.630045,601,32.887814,243,34.594705
976;80,57.162696,10,57.282565,4,63.031688
977;912,67.870943,3,70.584541
978;53,6.936661,26,8.586079,13,10.473977
979;363,84.464070,339,85.906329,305,90.922336,224,91.765237
980;669,87.626180,281,94.424397
981;510,33.207267,355,33.701668
982;1003,74.407461,575,76.832222
983;349,66.189104,318,68.884352
984;636,40.278366,288,40.387357,233,41.771229,98,48.106339
985;611,58.502740,356,58.683015,39,58.781409,61,58.933921,27,58.997360,275,59.946721
986;915,55.545273,606,55.575844,243,57.125443,601,57.963938,180,58.007107,77,61.974296,73,63.538660
987;308,49.411641,196,51.661991,51,52.088721
988;706,61.450139,137,61.601508,14,61.964454,580,62.063151,11,62.561552,671,63.031044,4,63.534967,116,66.136980,12,66.252615,217,66.280235,15,67.295359,8,69.598535
989;751,92.482977,9,97.837150
990;592,61.392613,253,67.033568
991;412,25.638363,105,32.401888
992;477,3.966328,95,4.828370,36,5.928360,2,7.353735,83,11.690875
993;385,62.071420,128,62.772411,19,64.841373
994;249,34.348927,18,36.301466,1,36.474197
995;915,2.416680,601,3.497369,180,3.869501,243,5.468628,606,6.613409,77,9.663129
996;578,17.139351,308,19.299668,51,20.747407,32,21.117566,19,21.861571,4,22.216081,196,24.115030,12,24.414554
997;512,42.384533,166,42.845340,22,44.660842,86,44.926760,136,45.041117,14,45.420062,41,47.132827,11,50.842276
998;497,56.843758,258,58.083578,268,58.149574,211,60.906858
999;671,73.037270,217,73.298797,10,74.463408,11,74.749976,116,74.768443,580,75.791151,32,79.632813,75,79.792855,80,80.100548,21,80.125611,14,80.632081,137,80.758118
1000;69,37.397309,24,37.906868,9,37.934175,8,47.036200
1001;890,36.564386,530,37.212107,218,38.033514,140,41.744426,39,42.926313,27,43.844844
1002;40,37.627694,20,39.181493
1003;951,8.660577,561,16.201835
1004;680,41.816569,449,42.148300,216,49.189391
1005;32,11.080652,19,11.534719,12,11.890444,4,12.779897,21,18.163246
1006;118,32.526240,35,37.952474,22,38.783829
1007;294,68.516475,173,70.756786,111,71.442096,63,75.612181
1008;186,87.187076,167,87.930759,99,91.656802,75,93.613648,32,94.494000,12,94.621372
1009;917,97.453800,264,97.933287
1010;634,6.024129,264,7.026777,239,8.897115,46,10.252349
1011;604,11.013222,82,14.300881,37,14.982984,17,18.479054,224,18.560456
1012;986,54.951501,735,55.416738,749,55.445221,393,56.687715,191,57.748322
1013;132,69.870454,96,71.768097
1014;976,12.723716,392,12.877041
1015;507,47.498419,96,49.100553,66,51.022227,58,55.539035
1016;671,91.797700,10,92.296231,217,92.958907,11,93.288843,32,94.358739,580,95.268840,80,96.503105,12,96.513999,116,96.690896,19,98.311912
1017;994,43.951083,461,44.856000
1018;908,99.717673,677,99.780565
1019;789,54.930233,19,55.596539
1020;253,12.428431,78,14.440761,65,17.020036
1021;642,19.025789,361,21.405317,309,23.750559,135,24.234012,83,25.129525,57,25.811863,36,27.006538,2,27.372565
1022;74,65.627258,12,65.859592,8,67.645380,32,67.957727,19,68.260411,21,68.634174
1023;216,97.319317,44,97.517101
