17
27
28
29
32
35
50
59
61
70
76
82
95
100
116
162
163
166
177
182
196
206
224
229
254
296
356
466
495
524
555
601
606
661
682
692
694
702
738
754
765
774
834
880
886
895
897
900
939
943
948
958
995
1021
1022
1034
1041
1059
1071
1078
1079
1090
1111
1123
1131
1158
1186
1207
1214
1281
1288
1331
1333
1334
1351
1385
1390
1411
1414
1417
1435
1463
1475
1488
1499
1512
1529
1536
1538
1563
1566
1570
1612
1614
1619
1629
1656
1682
1693
1702
1712
1742
1782
1790
1795
1796
1815
1836
1844
1846
1854
1855
1867
1870
1872
1884
1889
1995
2000
2019
2031
2032
2047
2053
2098
2165
2229
2231
2232
2310
2358
2475
2494
2512
2523
2607
2645
2656
2697
2713
2726
2732
2740
2750
2758
2767
2781
2789
2790
2803
2829
2838
2849
2856
2865
2882
2903
2913
2926
2928
2946
2957
2970
2982
2995
3048
3070
3160
3190
3192
3198
3205
3219
3244
3247
3252
3279
3323
3330
3347
3433
3438
3530
3579
3613
3652
3691
3696
3714
3730
3745
3788
3846
3853
3889
3948
3950
3980
4014
4065
4103
4112
4114
4181
4249
4304
4367
4394
4403
4520
4587
4606
4617
4618
4621
4653
4663
4666
4681
4711
4732
4745
4790
4797
4807
4813
4825
4833
4844
4885
4907
4914
4933
4957
5004
5031
5076
5114
5115
5200
5207
5232
5260
5303
5308
5479
5483
5539
5572
5604
5644
5663
5706
5726
5731
5758
5761
5769
5778
5779
5805
5833
5834
5866
5911
5913
5939
5944
5961
5996
6025
6027
6039
6089
6121
6184
6202
6251
6257
6271
6293
6297
6302
6305
6308
6331
6340
6344
6346
6391
6519
6536
6613
6636
6652
6667
6674
6694
6717
6730
6743
6746
6749
6788
6792
6806
6814
6846
6850
6852
6855
6856
6896
6913
6944
6953
6955
6965
6993
6999
7002
7020
7031
7038
7051
7079
7096
7100
7125
7160
7162
7182
7196
7221
7275
7304
7411
7431
7481
7483
7586
7589
7597
7635
7640
7647
7651
7759
7809
7825
7836
7837
7864
7866
7885
7918
7954
7976
8031
8081
8105
8108
8115
8123
8127
8143
8153
8201
8205
8247
8273
8301
8324
8348
8384
8433
8437
8469
8483
8495
8508
8538
8544
8571
8588
8608
8631
8694
8704
8766
8808
8846
8856
8873
8887
8944
8950
9010
9144
9202
9274
9285
9366
9437
9547
9576
9585
9671
9720
9785
9818
9858
9890
9912
9938
10020
10026
10035
10062
10075
10084
10125
10147
10156
10169
10193
10195
10200
10240
10260
10271
10313
10322
10339
10355
10361
10379
10404
10424
10429
10434
10435
10444
10447
10451
10508
10536
10560
10569
10612
10700
10819
10916
10929
10959
10963
10965
11044
11151
11160
11197
11298
11381
11405
11438
11474
11500
11549
11555
11605
11618
11633
11649
11660
11662
11697
11706
11775
11785
11791
11794
11818
11849
11850
11872
11883
11908
11909
11934
11984
12039
12058
12082
12085
12096
12115
12137
12163
12221
12317
12330
12333
12405
12452
12487
12499
12565
12752
12833
12881
12930
12962
12964
12990
13004
13005
13007
13024
13062
13064
13065
13125
13154
13160
13171
13194
13248
13250
13318
13343
13409
13434
13510
13520
13539
13601
13636
13638
13646
13675
13753
13771
13854
13908
13976
13988
14006
14008
14150
14273
14316
14324
14379
14386
14409
14438
14473
14477
14492
14505
14616
14617
14630
14638
14640
14698
14702
14769
14775
14778
14825
14832
14900
15046
15090
15101
15129
15164
15204
15220
15238
15253
15368
15448
15449
15462
15487
15591
15629
15702
15779
15894
15952
15965
16046
16133
16279
16299
16304
16378
16391
16401
16412
16495
16589
16712
16727
16909
16947
16972
17006
17026
17178
17211
17225
17353
17441
17646
17771
17933
17995
18032
18086
18107
18114
18357
18536
18553
18565
18568
18578
18594
18625
18753
18789
18838
18979
19036
19060
19160
19164
19170
19603
19684
19778
19951
20020
20044
20140
20226
20237
20244
20258
20298
20304
20314
20356
20406
20458
20598
20619
20642
20718
20723
20781
20787
20804
20806
20868
20998
21058
21213
21506
21526
21563
21579
21663
21769
22013
22037
22200
22227
22248
22312
22322
22415
22421
22436
22464
22485
22516
22814
22944
23188
23190
23224
23254
23313
23385
23400
23540
23613
23662
23710
23805
23999
24044
24191
24243
24350
24401
24454
24823
24983
25485
25587
25697
25736
26069
26337
26341
26367
26647
26996
27008
27012
27173
27405
27639
27766
27804
27845
27949
27955
27995
28148
28149
28267
28465
28727
28798
28948
29170
29199
29436
29560
30453
30578
30605
30683
30693
30750
30930
31240
31248
31430
31438
31559
31624
31632
31689
31743
31986
32012
32265
32619
32633
32955
33491
33515
33660
33750
33777
34010
34121
34285
34295
34694
34756
34935
35387
35418
35489
35638
35751
36039
36304
36413
36994
37089
37227
37304
37353
37547
38265
38271
38288
38301
38321
38323
38835
39218
39918
40371
40673
40843
40938
40964
41080
41440
41527
41555
41790
42056
42188
42841
42925
42958
42963
43707
44353
44705
44769
44791
45358
45581
45674
45962
46770
47348
47362
47726
48291
48606
49322
49648
49876
50523
50648
51252
51483
51523
52494
52879
52899
52976
52990
54453
55134
55396
55514
55647
55745
55843
55868
56304
56445
56478
56834
58411
58974
59158
59485
59952
62025
65398
65578
65995
65998
66051
67641
67826
67854
68196
68197
69128
69196
69271
70512
71354
72393
72818
73359
74382
74734
74837
76696
76763
77156
77407
78407
79179
79262
79542
80021
81519
82536
82802
82822
84972
85241
85860
86054
88379
89086
90264
90738
91633
93217
93449
94110
98414
100480
102417
104325
104869
105039
105260
105718
110364
110372
110404
110420
111631
111678
112009
112171
117401
119390
120525
121212
121659
122300
123635
123752
125284
129327
131693
131694
133916
134483
137586
137799
137800
139572
140100
141741
145758
145898
148201
149428
152042
152302
152542
152708
154029
154748
155590
155693
155787
155822
157731
163760
163937
164304
164615
164920
165182
165675
166421
166516
166674
167051
168490
170313
172054
173441
174871
178851
179017
180569
181066
181086
183106
191850
192844
193860
196254
197747
198308
201327
215865
221330
227935
272280
297472
316275
325611
335544
343916
356439
372678
394287
399064
404303
408258
421654
422412
430006
447520
453398
453570
454602
457679
458987
470957
479398
497949
541492
544284
556289
599801
602282
606405
638704
654202
662501
676545
693231
693996
700658
709518
721529
780973
799246
806144
850626
859080
874379
878653
885145
893730
907794
917527
968460
974910
978721
984376
1006672
1007710
1009934
1015843
1054371
1067496
1139435
1172782
1175634
1177204
1181236
1182470
1240498
1248928
1252414
1264146
1311075
1311802
1319753
1323769
1343001
1399474
1405017
1407145
1441436
1477709
1503445
1557201
1557369
1603072
1606734
1708157
1718035
1722196
1723084
1744025
1790554
1806549
1826896
1923002
1937820
2012921
2045342
2052063
2063565
2066170
2070648
2072720
2076753
2087225
2089879
2095549
2132352
2213098
2230740
2240445
2291363
2327707
2405815
2577495
2920971
3023945
3088516
3140093
3142673