real id		index id
17	0	
27	1	
28	2	
29	3	
32	4	
35	5	
50	6	
59	7	
61	8	
70	9	
76	10	
82	11	
95	12	
100	13	
116	14	
162	15	
163	16	
166	17	
177	18	
182	19	
196	20	
206	21	
224	22	
229	23	
254	24	
296	25	
356	26	
466	27	
495	28	
524	29	
555	30	
601	31	
606	32	
661	33	
682	34	
692	35	
694	36	
702	37	
738	38	
754	39	
765	40	
774	41	
834	42	
880	43	
886	44	
895	45	
897	46	
900	47	
939	48	
943	49	
948	50	
958	51	
995	52	
1021	53	
1022	54	
1034	55	
1041	56	
1059	57	
1071	58	
1078	59	
1079	60	
1090	61	
1111	62	
1123	63	
1131	64	
1158	65	
1186	66	
1207	67	
1214	68	
1281	69	
1288	70	
1331	71	
1333	72	
1334	73	
1351	74	
1385	75	
1390	76	
1411	77	
1414	78	
1417	79	
1435	80	
1463	81	
1475	82	
1488	83	
1499	84	
1512	85	
1529	86	
1536	87	
1538	88	
1563	89	
1566	90	
1570	91	
1612	92	
1614	93	
1619	94	
1629	95	
1656	96	
1682	97	
1693	98	
1702	99	
1712	100	
1742	101	
1782	102	
1790	103	
1795	104	
1796	105	
1815	106	
1836	107	
1844	108	
1846	109	
1854	110	
1855	111	
1867	112	
1870	113	
1872	114	
1884	115	
1889	116	
1995	117	
2000	118	
2019	119	
2031	120	
2032	121	
2047	122	
2053	123	
2098	124	
2165	125	
2229	126	
2231	127	
2232	128	
2310	129	
2358	130	
2475	131	
2494	132	
2512	133	
2523	134	
2607	135	
2645	136	
2656	137	
2697	138	
2713	139	
2726	140	
2732	141	
2740	142	
2750	143	
2758	144	
2767	145	
2781	146	
2789	147	
2790	148	
2803	149	
2829	150	
2838	151	
2849	152	
2856	153	
2865	154	
2882	155	
2903	156	
2913	157	
2926	158	
2928	159	
2946	160	
2957	161	
2970	162	
2982	163	
2995	164	
3048	165	
3070	166	
3160	167	
3190	168	
3192	169	
3198	170	
3205	171	
3219	172	
3244	173	
3247	174	
3252	175	
3279	176	
3323	177	
3330	178	
3347	179	
3433	180	
3438	181	
3530	182	
3579	183	
3613	184	
3652	185	
3691	186	
3696	187	
3714	188	
3730	189	
3745	190	
3788	191	
3846	192	
3853	193	
3889	194	
3948	195	
3950	196	
3980	197	
4014	198	
4065	199	
4103	200	
4112	201	
4114	202	
4181	203	
4249	204	
4304	205	
4367	206	
4394	207	
4403	208	
4520	209	
4587	210	
4606	211	
4617	212	
4618	213	
4621	214	
4653	215	
4663	216	
4666	217	
4681	218	
4711	219	
4732	220	
4745	221	
4790	222	
4797	223	
4807	224	
4813	225	
4825	226	
4833	227	
4844	228	
4885	229	
4907	230	
4914	231	
4933	232	
4957	233	
5004	234	
5031	235	
5076	236	
5114	237	
5115	238	
5200	239	
5207	240	
5232	241	
5260	242	
5303	243	
5308	244	
5479	245	
5483	246	
5539	247	
5572	248	
5604	249	
5644	250	
5663	251	
5706	252	
5726	253	
5731	254	
5758	255	
5761	256	
5769	257	
5778	258	
5779	259	
5805	260	
5833	261	
5834	262	
5866	263	
5911	264	
5913	265	
5939	266	
5944	267	
5961	268	
5996	269	
6025	270	
6027	271	
6039	272	
6089	273	
6121	274	
6184	275	
6202	276	
6251	277	
6257	278	
6271	279	
6293	280	
6297	281	
6302	282	
6305	283	
6308	284	
6331	285	
6340	286	
6344	287	
6346	288	
6391	289	
6519	290	
6536	291	
6613	292	
6636	293	
6652	294	
6667	295	
6674	296	
6694	297	
6717	298	
6730	299	
6743	300	
6746	301	
6749	302	
6788	303	
6792	304	
6806	305	
6814	306	
6846	307	
6850	308	
6852	309	
6855	310	
6856	311	
6896	312	
6913	313	
6944	314	
6953	315	
6955	316	
6965	317	
6993	318	
6999	319	
7002	320	
7020	321	
7031	322	
7038	323	
7051	324	
7079	325	
7096	326	
7100	327	
7125	328	
7160	329	
7162	330	
7182	331	
7196	332	
7221	333	
7275	334	
7304	335	
7411	336	
7431	337	
7481	338	
7483	339	
7586	340	
7589	341	
7597	342	
7635	343	
7640	344	
7647	345	
7651	346	
7759	347	
7809	348	
7825	349	
7836	350	
7837	351	
7864	352	
7866	353	
7885	354	
7918	355	
7954	356	
7976	357	
8031	358	
8081	359	
8105	360	
8108	361	
8115	362	
8123	363	
8127	364	
8143	365	
8153	366	
8201	367	
8205	368	
8247	369	
8273	370	
8301	371	
8324	372	
8348	373	
8384	374	
8433	375	
8437	376	
8469	377	
8483	378	
8495	379	
8508	380	
8538	381	
8544	382	
8571	383	
8588	384	
8608	385	
8631	386	
8694	387	
8704	388	
8766	389	
8808	390	
8846	391	
8856	392	
8873	393	
8887	394	
8944	395	
8950	396	
9010	397	
9144	398	
9202	399	
9274	400	
9285	401	
9366	402	
9437	403	
9547	404	
9576	405	
9585	406	
9671	407	
9720	408	
9785	409	
9818	410	
9858	411	
9890	412	
9912	413	
9938	414	
10020	415	
10026	416	
10035	417	
10062	418	
10075	419	
10084	420	
10125	421	
10147	422	
10156	423	
10169	424	
10193	425	
10195	426	
10200	427	
10240	428	
10260	429	
10271	430	
10313	431	
10322	432	
10339	433	
10355	434	
10361	435	
10379	436	
10404	437	
10424	438	
10429	439	
10434	440	
10435	441	
10444	442	
10447	443	
10451	444	
10508	445	
10536	446	
10560	447	
10569	448	
10612	449	
10700	450	
10819	451	
10916	452	
10929	453	
10959	454	
10963	455	
10965	456	
11044	457	
11151	458	
11160	459	
11197	460	
11298	461	
11381	462	
11405	463	
11438	464	
11474	465	
11500	466	
11549	467	
11555	468	
11605	469	
11618	470	
11633	471	
11649	472	
11660	473	
11662	474	
11697	475	
11706	476	
11775	477	
11785	478	
11791	479	
11794	480	
11818	481	
11849	482	
11850	483	
11872	484	
11883	485	
11908	486	
11909	487	
11934	488	
11984	489	
12039	490	
12058	491	
12082	492	
12085	493	
12096	494	
12115	495	
12137	496	
12163	497	
12221	498	
12317	499	
12330	500	
12333	501	
12405	502	
12452	503	
12487	504	
12499	505	
12565	506	
12752	507	
12833	508	
12881	509	
12930	510	
12962	511	
12964	512	
12990	513	
13004	514	
13005	515	
13007	516	
13024	517	
13062	518	
13064	519	
13065	520	
13125	521	
13154	522	
13160	523	
13171	524	
13194	525	
13248	526	
13250	527	
13318	528	
13343	529	
13409	530	
13434	531	
13510	532	
13520	533	
13539	534	
13601	535	
13636	536	
13638	537	
13646	538	
13675	539	
13753	540	
13771	541	
13854	542	
13908	543	
13976	544	
13988	545	
14006	546	
14008	547	
14150	548	
14273	549	
14316	550	
14324	551	
14379	552	
14386	553	
14409	554	
14438	555	
14473	556	
14477	557	
14492	558	
14505	559	
14616	560	
14617	561	
14630	562	
14638	563	
14640	564	
14698	565	
14702	566	
14769	567	
14775	568	
14778	569	
14825	570	
14832	571	
14900	572	
15046	573	
15090	574	
15101	575	
15129	576	
15164	577	
15204	578	
15220	579	
15238	580	
15253	581	
15368	582	
15448	583	
15449	584	
15462	585	
15487	586	
15591	587	
15629	588	
15702	589	
15779	590	
15894	591	
15952	592	
15965	593	
16046	594	
16133	595	
16279	596	
16299	597	
16304	598	
16378	599	
16391	600	
16401	601	
16412	602	
16495	603	
16589	604	
16712	605	
16727	606	
16909	607	
16947	608	
16972	609	
17006	610	
17026	611	
17178	612	
17211	613	
17225	614	
17353	615	
17441	616	
17646	617	
17771	618	
17933	619	
17995	620	
18032	621	
18086	622	
18107	623	
18114	624	
18357	625	
18536	626	
18553	627	
18565	628	
18568	629	
18578	630	
18594	631	
18625	632	
18753	633	
18789	634	
18838	635	
18979	636	
19036	637	
19060	638	
19160	639	
19164	640	
19170	641	
19603	642	
19684	643	
19778	644	
19951	645	
20020	646	
20044	647	
20140	648	
20226	649	
20237	650	
20244	651	
20258	652	
20298	653	
20304	654	
20314	655	
20356	656	
20406	657	
20458	658	
20598	659	
20619	660	
20642	661	
20718	662	
20723	663	
20781	664	
20787	665	
20804	666	
20806	667	
20868	668	
20998	669	
21058	670	
21213	671	
21506	672	
21526	673	
21563	674	
21579	675	
21663	676	
21769	677	
22013	678	
22037	679	
22200	680	
22227	681	
22248	682	
22312	683	
22322	684	
22415	685	
22421	686	
22436	687	
22464	688	
22485	689	
22516	690	
22814	691	
22944	692	
23188	693	
23190	694	
23224	695	
23254	696	
23313	697	
23385	698	
23400	699	
23540	700	
23613	701	
23662	702	
23710	703	
23805	704	
23999	705	
24044	706	
24191	707	
24243	708	
24350	709	
24401	710	
24454	711	
24823	712	
24983	713	
25485	714	
25587	715	
25697	716	
25736	717	
26069	718	
26337	719	
26341	720	
26367	721	
26647	722	
26996	723	
27008	724	
27012	725	
27173	726	
27405	727	
27639	728	
27766	729	
27804	730	
27845	731	
27949	732	
27955	733	
27995	734	
28148	735	
28149	736	
28267	737	
28465	738	
28727	739	
28798	740	
28948	741	
29170	742	
29199	743	
29436	744	
29560	745	
30453	746	
30578	747	
30605	748	
30683	749	
30693	750	
30750	751	
30930	752	
31240	753	
31248	754	
31430	755	
31438	756	
31559	757	
31624	758	
31632	759	
31689	760	
31743	761	
31986	762	
32012	763	
32265	764	
32619	765	
32633	766	
32955	767	
33491	768	
33515	769	
33660	770	
33750	771	
33777	772	
34010	773	
34121	774	
34285	775	
34295	776	
34694	777	
34756	778	
34935	779	
35387	780	
35418	781	
35489	782	
35638	783	
35751	784	
36039	785	
36304	786	
36413	787	
36994	788	
37089	789	
37227	790	
37304	791	
37353	792	
37547	793	
38265	794	
38271	795	
38288	796	
38301	797	
38321	798	
38323	799	
38835	800	
39218	801	
39918	802	
40371	803	
40673	804	
40843	805	
40938	806	
40964	807	
41080	808	
41440	809	
41527	810	
41555	811	
41790	812	
42056	813	
42188	814	
42841	815	
42925	816	
42958	817	
42963	818	
43707	819	
44353	820	
44705	821	
44769	822	
44791	823	
45358	824	
45581	825	
45674	826	
45962	827	
46770	828	
47348	829	
47362	830	
47726	831	
48291	832	
48606	833	
49322	834	
49648	835	
49876	836	
50523	837	
50648	838	
51252	839	
51483	840	
51523	841	
52494	842	
52879	843	
52899	844	
52976	845	
52990	846	
54453	847	
55134	848	
55396	849	
55514	850	
55647	851	
55745	852	
55843	853	
55868	854	
56304	855	
56445	856	
56478	857	
56834	858	
58411	859	
58974	860	
59158	861	
59485	862	
59952	863	
62025	864	
65398	865	
65578	866	
65995	867	
65998	868	
66051	869	
67641	870	
67826	871	
67854	872	
68196	873	
68197	874	
69128	875	
69196	876	
69271	877	
70512	878	
71354	879	
72393	880	
72818	881	
73359	882	
74382	883	
74734	884	
74837	885	
76696	886	
76763	887	
77156	888	
77407	889	
78407	890	
79179	891	
79262	892	
79542	893	
80021	894	
81519	895	
82536	896	
82802	897	
82822	898	
84972	899	
85241	900	
85860	901	
86054	902	
88379	903	
89086	904	
90264	905	
90738	906	
91633	907	
93217	908	
93449	909	
94110	910	
98414	911	
100480	912	
102417	913	
104325	914	
104869	915	
105039	916	
105260	917	
105718	918	
110364	919	
110372	920	
110404	921	
110420	922	
111631	923	
111678	924	
112009	925	
112171	926	
117401	927	
119390	928	
120525	929	
121212	930	
121659	931	
122300	932	
123635	933	
123752	934	
125284	935	
129327	936	
131693	937	
131694	938	
133916	939	
134483	940	
137586	941	
137799	942	
137800	943	
139572	944	
140100	945	
141741	946	
145758	947	
145898	948	
148201	949	
149428	950	
152042	951	
152302	952	
152542	953	
152708	954	
154029	955	
154748	956	
155590	957	
155693	958	
155787	959	
155822	960	
157731	961	
163760	962	
163937	963	
164304	964	
164615	965	
164920	966	
165182	967	
165675	968	
166421	969	
166516	970	
166674	971	
167051	972	
168490	973	
170313	974	
172054	975	
173441	976	
174871	977	
178851	978	
179017	979	
180569	980	
181066	981	
181086	982	
183106	983	
191850	984	
192844	985	
193860	986	
196254	987	
197747	988	
198308	989	
201327	990	
215865	991	
221330	992	
227935	993	
272280	994	
297472	995	
316275	996	
325611	997	
335544	998	
343916	999	
356439	1000	
372678	1001	
394287	1002	
399064	1003	
404303	1004	
408258	1005	
421654	1006	
422412	1007	
430006	1008	
447520	1009	
453398	1010	
453570	1011	
454602	1012	
457679	1013	
458987	1014	
470957	1015	
479398	1016	
497949	1017	
541492	1018	
544284	1019	
556289	1020	
599801	1021	
602282	1022	
606405	1023	
638704	1024	
654202	1025	
662501	1026	
676545	1027	
693231	1028	
693996	1029	
700658	1030	
709518	1031	
721529	1032	
780973	1033	
799246	1034	
806144	1035	
850626	1036	
859080	1037	
874379	1038	
878653	1039	
885145	1040	
893730	1041	
907794	1042	
917527	1043	
968460	1044	
974910	1045	
978721	1046	
984376	1047	
1006672	1048	
1007710	1049	
1009934	1050	
1015843	1051	
1054371	1052	
1067496	1053	
1139435	1054	
1172782	1055	
1175634	1056	
1177204	1057	
1181236	1058	
1182470	1059	
1240498	1060	
1248928	1061	
1252414	1062	
1264146	1063	
1311075	1064	
1311802	1065	
1319753	1066	
1323769	1067	
1343001	1068	
1399474	1069	
1405017	1070	
1407145	1071	
1441436	1072	
1477709	1073	
1503445	1074	
1557201	1075	
1557369	1076	
1603072	1077	
1606734	1078	
1708157	1079	
1718035	1080	
1722196	1081	
1723084	1082	
1744025	1083	
1790554	1084	
1806549	1085	
1826896	1086	
1923002	1087	
1937820	1088	
2012921	1089	
2045342	1090	
2052063	1091	
2063565	1092	
2066170	1093	
2070648	1094	
2072720	1095	
2076753	1096	
2087225	1097	
2089879	1098	
2095549	1099	
2132352	1100	
2213098	1101	
2230740	1102	
2240445	1103	
2291363	1104	
2327707	1105	
2405815	1106	
2577495	1107	
2920971	1108	
3023945	1109	
3088516	1110	
3140093	1111	
3142673	1112	
